0.008333 -0.013579 
0.025000 -0.038682 
0.041667 -0.062311 
0.058333 -0.084970 
0.075000 -0.107100 
0.091667 -0.129064 
0.108333 -0.151111 
0.125000 -0.173338 
0.141667 -0.195658 
0.158333 -0.217793 
0.175000 -0.239284 
0.191667 -0.259528 
0.208333 -0.277831 
0.225000 -0.293480 
0.241667 -0.305814 
0.258333 -0.314294 
0.275000 -0.318561 
0.291667 -0.318477 
0.308333 -0.314136 
0.325000 -0.305848 
0.341667 -0.294096 
0.358333 -0.279478 
0.375000 -0.262639 
0.391667 -0.244207 
0.408333 -0.224750 
0.425000 -0.204735 
0.441667 -0.184520 
0.458333 -0.164352 
0.475000 -0.144376 
0.491667 -0.124657 
0.508333 -0.105197 
0.525000 -0.085956 
0.541667 -0.066870 
0.558333 -0.047864 
0.575000 -0.028864 
0.591667 -0.009804 
0.608333 0.009368 
0.625000 0.028686 
0.641667 0.048166 
0.658333 0.067805 
0.675000 0.087578 
0.691667 0.107437 
0.708333 0.127317 
0.725000 0.147128 
0.741667 0.166766 
0.758333 0.186107 
0.775000 0.205015 
0.791667 0.223356 
0.808333 0.241011 
0.825000 0.257930 
0.841667 0.274239 
0.858333 0.290462 
0.875000 0.307930 
0.891667 0.329420 
0.908333 0.359913 
0.925000 0.407077 
0.941667 0.480652 
0.958333 0.589738 
0.975000 0.737314 
0.991667 0.912810 
