0.008333 0.034122 
0.025000 0.090208 
0.041667 0.135357 
0.058333 0.171096 
0.075000 0.199158 
0.091667 0.221271 
0.108333 0.238958 
0.125000 0.253389 
0.141667 0.265344 
0.158333 0.275238 
0.175000 0.283206 
0.191667 0.289201 
0.208333 0.293082 
0.225000 0.294685 
0.241667 0.293872 
0.258333 0.290556 
0.275000 0.284719 
0.291667 0.276417 
0.308333 0.265775 
0.325000 0.252983 
0.341667 0.238279 
0.358333 0.221937 
0.375000 0.204245 
0.391667 0.185492 
0.408333 0.165952 
0.425000 0.145870 
0.441667 0.125454 
0.458333 0.104872 
0.475000 0.084252 
0.491667 0.063683 
0.508333 0.043219 
0.525000 0.022884 
0.541667 0.002678 
0.558333 -0.017421 
0.575000 -0.037455 
0.591667 -0.057485 
0.608333 -0.077593 
0.625000 -0.097890 
0.641667 -0.118518 
0.658333 -0.139658 
0.675000 -0.161534 
0.691667 -0.184408 
0.708333 -0.208566 
0.725000 -0.234280 
0.741667 -0.261745 
0.758333 -0.290977 
0.775000 -0.321669 
0.791667 -0.353020 
0.808333 -0.383543 
0.825000 -0.410913 
0.841667 -0.431925 
0.858333 -0.442664 
0.875000 -0.439012 
0.891667 -0.417538 
0.908333 -0.376702 
0.925000 -0.317963 
0.941667 -0.246163 
0.958333 -0.168646 
0.975000 -0.093340 
0.991667 -0.026823 
