-0.0074763 -0.0012466 0 1 0 0.5 0.0056845 0.5
-0.0087657 -0.0013572 0 1 0.00098863 0.5 0.0066732 0.5
-0.010055 -0.0014679 0 1 0.0019773 0.5 0.0076618 0.5
-0.011345 -0.0015785 0 1 0.0029659 0.5 0.0086504 0.5
-0.012634 -0.0016891 0 1 0.0039545 0.5 0.0096391 0.5
-0.013924 -0.0017998 0 1 0.0049432 0.5 0.010628 0.5
-0.015213 -0.0019104 0 1 0.0059318 0.5 0.011616 0.5
-0.016502 -0.0020211 0 1 0.0069204 0.5 0.012605 0.5
-0.017792 -0.0021317 0 1 0.007909 0.5 0.013594 0.5
-0.019081 -0.0022424 0 1 0.0088977 0.5 0.014582 0.5
-0.020371 -0.002353 0 1 0.0098863 0.5 0.015571 0.5
-0.02166 -0.0024636 0 1 0.010875 0.5 0.016559 0.5
-0.022943 -0.0025603 0 1 0.011864 0.5 0.017548 0.5
-0.024186 -0.002576 0 1 0.012852 0.5 0.018537 0.5
-0.025428 -0.0025917 0 1 0.013841 0.5 0.019525 0.5
-0.026671 -0.0026075 0 1 0.014829 0.5 0.020514 0.5
-0.027914 -0.0026232 0 1 0.015818 0.5 0.021503 0.5
-0.029157 -0.0026389 0 1 0.016807 0.5 0.022491 0.5
-0.030399 -0.0026546 0 1 0.017795 0.5 0.02348 0.5
-0.031642 -0.0026704 0 1 0.018784 0.5 0.024469 0.5
-0.032885 -0.0026861 0 1 0.019773 0.5 0.025457 0.5
-0.034127 -0.0027018 0 1 0.020761 0.5 0.026446 0.5
-0.03537 -0.0027175 0 1 0.02175 0.5 0.027434 0.5
-0.036613 -0.0027333 0 1 0.022739 0.5 0.028423 0.5
-0.037856 -0.002749 0 1 0.023727 0.5 0.029412 0.5
-0.039079 -0.0027707 0 1 0.024716 0.5 0.0304 0.5
-0.040287 -0.0027967 0 1 0.025704 0.5 0.031389 0.5
-0.041495 -0.0028227 0 1 0.026693 0.5 0.032378 0.5
-0.042704 -0.0028487 0 1 0.027682 0.5 0.033366 0.5
-0.043912 -0.0028748 0 1 0.02867 0.5 0.034355 0.5
-0.045121 -0.0029008 0 1 0.029659 0.5 0.035343 0.5
-0.046329 -0.0029268 0 1 0.030648 0.5 0.036332 0.5
-0.047538 -0.0029528 0 1 0.031636 0.5 0.037321 0.5
-0.048746 -0.0029789 0 1 0.032625 0.5 0.038309 0.5
-0.049955 -0.0030049 0 1 0.033613 0.5 0.039298 0.5
-0.051163 -0.0030309 0 1 0.034602 0.5 0.040287 0.5
-0.052372 -0.0030569 0 1 0.035591 0.5 0.041275 0.5
-0.05358 -0.003083 0 1 0.036579 0.5 0.042264 0.5
-0.054783 -0.0031117 0 1 0.037568 0.5 0.043253 0.5
-0.05597 -0.003148 0 1 0.038557 0.5 0.044241 0.5
-0.057157 -0.0031843 0 1 0.039545 0.5 0.04523 0.5
-0.058344 -0.0032206 0 1 0.040534 0.5 0.046218 0.5
-0.059531 -0.0032569 0 1 0.041522 0.5 0.047207 0.5
-0.060718 -0.0032932 0 1 0.042511 0.5 0.048196 0.5
-0.061905 -0.0033295 0 1 0.0435 0.5 0.049184 0.5
-0.063092 -0.0033658 0 1 0.044488 0.5 0.050173 0.5
-0.064279 -0.0034022 0 1 0.045477 0.5 0.051162 0.5
-0.065466 -0.0034385 0 1 0.046466 0.5 0.05215 0.5
-0.066653 -0.0034748 0 1 0.047454 0.5 0.053139 0.5
-0.06784 -0.0035111 0 1 0.048443 0.5 0.054127 0.5
-0.069027 -0.0035474 0 1 0.049432 0.5 0.055116 0.5
-0.070214 -0.0035837 0 1 0.05042 0.5 0.056105 0.5
-0.0714 -0.0036216 0 1 0.051409 0.5 0.057093 0.5
-0.072578 -0.0036665 0 1 0.052397 0.5 0.058082 0.5
-0.073756 -0.0037113 0 1 0.053386 0.5 0.059071 0.5
-0.074934 -0.0037561 0 1 0.054375 0.5 0.060059 0.5
-0.076113 -0.003801 0 1 0.055363 0.5 0.061048 0.5
-0.077291 -0.0038458 0 1 0.056352 0.5 0.062036 0.5
-0.078469 -0.0038906 0 1 0.057341 0.5 0.063025 0.5
-0.079647 -0.0039355 0 1 0.058329 0.5 0.064014 0.5
-0.080826 -0.0039803 0 1 0.059318 0.5 0.065002 0.5
-0.082004 -0.0040251 0 1 0.060306 0.5 0.065991 0.5
-0.083182 -0.00407 0 1 0.061295 0.5 0.06698 0.5
-0.08436 -0.0041148 0 1 0.062284 0.5 0.067968 0.5
-0.085539 -0.0041596 0 1 0.063272 0.5 0.068957 0.5
-0.086717 -0.0042045 0 1 0.064261 0.5 0.069946 0.5
-0.087895 -0.0042493 0 1 0.06525 0.5 0.070934 0.5
-0.089074 -0.0042957 0 1 0.066238 0.5 0.071923 0.5
-0.090255 -0.0043453 0 1 0.067227 0.5 0.072911 0.5
-0.091436 -0.0043948 0 1 0.068216 0.5 0.0739 0.5
-0.092617 -0.0044443 0 1 0.069204 0.5 0.074889 0.5
-0.093798 -0.0044938 0 1 0.070193 0.5 0.075877 0.5
-0.094979 -0.0045434 0 1 0.071181 0.5 0.076866 0.5
-0.09616 -0.0045929 0 1 0.07217 0.5 0.077855 0.5
-0.097341 -0.0046424 0 1 0.073159 0.5 0.078843 0.5
-0.098522 -0.0046919 0 1 0.074147 0.5 0.079832 0.5
-0.099703 -0.0047415 0 1 0.075136 0.5 0.08082 0.5
-0.10088 -0.004791 0 1 0.076125 0.5 0.081809 0.5
-0.10206 -0.0048405 0 1 0.077113 0.5 0.082798 0.5
-0.10325 -0.00489 0 1 0.078102 0.5 0.083786 0.5
-0.10443 -0.0049396 0 1 0.07909 0.5 0.084775 0.5
-0.10561 -0.0049891 0 1 0.080079 0.5 0.085764 0.5
-0.10679 -0.0050386 0 1 0.081068 0.5 0.086752 0.5
-0.10798 -0.0050871 0 1 0.082056 0.5 0.087741 0.5
-0.10917 -0.0051352 0 1 0.083045 0.5 0.08873 0.5
-0.11036 -0.0051832 0 1 0.084034 0.5 0.089718 0.5
-0.11155 -0.0052313 0 1 0.085022 0.5 0.090707 0.5
-0.11275 -0.0052794 0 1 0.086011 0.5 0.091695 0.5
-0.11394 -0.0053274 0 1 0.086999 0.5 0.092684 0.5
-0.11513 -0.0053755 0 1 0.087988 0.5 0.093673 0.5
-0.11632 -0.0054235 0 1 0.088977 0.5 0.094661 0.5
-0.11751 -0.0054716 0 1 0.089965 0.5 0.09565 0.5
-0.11871 -0.0055197 0 1 0.090954 0.5 0.096639 0.5
-0.1199 -0.0055677 0 1 0.091943 0.5 0.097627 0.5
-0.12109 -0.0056158 0 1 0.092931 0.5 0.098616 0.5
-0.12228 -0.0056638 0 1 0.09392 0.5 0.099604 0.5
-0.12347 -0.0057119 0 1 0.094909 0.5 0.10059 0.5
-0.12467 -0.00576 0 1 0.095897 0.5 0.10158 0.5
-0.12586 -0.005808 0 1 0.096886 0.5 0.10257 0.5
-0.12705 -0.0058537 0 1 0.097874 0.5 0.10356 0.5
-0.12826 -0.0058919 0 1 0.098863 0.5 0.10455 0.5
-0.12947 -0.0059302 0 1 0.099852 0.5 0.10554 0.5
-0.13067 -0.0059684 0 1 0.10084 0.5 0.10652 0.5
-0.13188 -0.0060066 0 1 0.10183 0.5 0.10751 0.5
-0.13308 -0.0060448 0 1 0.10282 0.5 0.1085 0.5
-0.13429 -0.006083 0 1 0.10381 0.5 0.10949 0.5
-0.1355 -0.0061213 0 1 0.10479 0.5 0.11048 0.5
-0.1367 -0.0061595 0 1 0.10578 0.5 0.11147 0.5
-0.13791 -0.0061977 0 1 0.10677 0.5 0.11246 0.5
-0.13911 -0.0062359 0 1 0.10776 0.5 0.11345 0.5
-0.14032 -0.0062741 0 1 0.10875 0.5 0.11443 0.5
-0.14153 -0.0063124 0 1 0.10974 0.5 0.11542 0.5
-0.14273 -0.0063506 0 1 0.11073 0.5 0.11641 0.5
-0.14394 -0.0063888 0 1 0.11172 0.5 0.1174 0.5
-0.14515 -0.006427 0 1 0.1127 0.5 0.11839 0.5
-0.14635 -0.0064652 0 1 0.11369 0.5 0.11938 0.5
-0.14756 -0.0065034 0 1 0.11468 0.5 0.12037 0.5
-0.14877 -0.0065223 0 1 0.11567 0.5 0.12135 0.5
-0.14999 -0.0065406 0 1 0.11666 0.5 0.12234 0.5
-0.1512 -0.0065588 0 1 0.11765 0.5 0.12333 0.5
-0.15242 -0.0065771 0 1 0.11864 0.5 0.12432 0.5
-0.15363 -0.0065953 0 1 0.11962 0.5 0.12531 0.5
-0.15485 -0.0066136 0 1 0.12061 0.5 0.1263 0.5
-0.15606 -0.0066318 0 1 0.1216 0.5 0.12729 0.5
-0.15727 -0.0066501 0 1 0.12259 0.5 0.12827 0.5
-0.15849 -0.0066684 0 1 0.12358 0.5 0.12926 0.5
-0.1597 -0.0066866 0 1 0.12457 0.5 0.13025 0.5
-0.16092 -0.0067049 0 1 0.12556 0.5 0.13124 0.5
-0.16213 -0.0067231 0 1 0.12654 0.5 0.13223 0.5
-0.16335 -0.0067414 0 1 0.12753 0.5 0.13322 0.5
-0.16456 -0.0067596 0 1 0.12852 0.5 0.13421 0.5
-0.16578 -0.0067779 0 1 0.12951 0.5 0.1352 0.5
-0.16699 -0.0067962 0 1 0.1305 0.5 0.13618 0.5
-0.16821 -0.0068144 0 1 0.13149 0.5 0.13717 0.5
-0.16942 -0.0068327 0 1 0.13248 0.5 0.13816 0.5
-0.17063 -0.0068236 0 1 0.13347 0.5 0.13915 0.5
-0.17183 -0.006811 0 1 0.13445 0.5 0.14014 0.5
-0.17304 -0.0067984 0 1 0.13544 0.5 0.14113 0.5
-0.17424 -0.0067858 0 1 0.13643 0.5 0.14212 0.5
-0.17545 -0.0067732 0 1 0.13742 0.5 0.1431 0.5
-0.17666 -0.0067606 0 1 0.13841 0.5 0.14409 0.5
-0.17786 -0.006748 0 1 0.1394 0.5 0.14508 0.5
-0.17907 -0.0067354 0 1 0.14039 0.5 0.14607 0.5
-0.18027 -0.0067228 0 1 0.14137 0.5 0.14706 0.5
-0.18148 -0.0067102 0 1 0.14236 0.5 0.14805 0.5
-0.18268 -0.0066976 0 1 0.14335 0.5 0.14904 0.5
-0.18389 -0.006685 0 1 0.14434 0.5 0.15002 0.5
-0.1851 -0.0066724 0 1 0.14533 0.5 0.15101 0.5
-0.1863 -0.0066598 0 1 0.14632 0.5 0.152 0.5
-0.18751 -0.0066472 0 1 0.14731 0.5 0.15299 0.5
-0.18871 -0.0066346 0 1 0.14829 0.5 0.15398 0.5
-0.18992 -0.006622 0 1 0.14928 0.5 0.15497 0.5
-0.19112 -0.0066094 0 1 0.15027 0.5 0.15596 0.5
-0.19233 -0.0065968 0 1 0.15126 0.5 0.15695 0.5
-0.1935 -0.0065438 0 1 0.15225 0.5 0.15793 0.5
-0.19466 -0.0064901 0 1 0.15324 0.5 0.15892 0.5
-0.19583 -0.0064364 0 1 0.15423 0.5 0.15991 0.5
-0.19699 -0.0063828 0 1 0.15521 0.5 0.1609 0.5
-0.19816 -0.0063291 0 1 0.1562 0.5 0.16189 0.5
-0.19933 -0.0062754 0 1 0.15719 0.5 0.16288 0.5
-0.20049 -0.0062217 0 1 0.15818 0.5 0.16387 0.5
-0.20166 -0.006168 0 1 0.15917 0.5 0.16485 0.5
-0.20282 -0.0061143 0 1 0.16016 0.5 0.16584 0.5
-0.20399 -0.0060606 0 1 0.16115 0.5 0.16683 0.5
-0.20515 -0.0060069 0 1 0.16214 0.5 0.16782 0.5
-0.20632 -0.0059533 0 1 0.16312 0.5 0.16881 0.5
-0.20749 -0.0058996 0 1 0.16411 0.5 0.1698 0.5
-0.20865 -0.0058459 0 1 0.1651 0.5 0.17079 0.5
-0.20982 -0.0057922 0 1 0.16609 0.5 0.17177 0.5
-0.21098 -0.0057385 0 1 0.16708 0.5 0.17276 0.5
-0.21215 -0.0056848 0 1 0.16807 0.5 0.17375 0.5
-0.21332 -0.0056311 0 1 0.16906 0.5 0.17474 0.5
-0.21448 -0.0055774 0 1 0.17004 0.5 0.17573 0.5
-0.21562 -0.0055102 0 1 0.17103 0.5 0.17672 0.5
-0.2167 -0.0054076 0 1 0.17202 0.5 0.17771 0.5
-0.21779 -0.0053051 0 1 0.17301 0.5 0.17869 0.5
-0.21887 -0.0052025 0 1 0.174 0.5 0.17968 0.5
-0.21995 -0.0051 0 1 0.17499 0.5 0.18067 0.5
-0.22103 -0.0049975 0 1 0.17598 0.5 0.18166 0.5
-0.22211 -0.0048949 0 1 0.17696 0.5 0.18265 0.5
-0.22319 -0.0047924 0 1 0.17795 0.5 0.18364 0.5
-0.22427 -0.0046898 0 1 0.17894 0.5 0.18463 0.5
-0.22535 -0.0045873 0 1 0.17993 0.5 0.18562 0.5
-0.22643 -0.0044847 0 1 0.18092 0.5 0.1866 0.5
-0.22752 -0.0043822 0 1 0.18191 0.5 0.18759 0.5
-0.2286 -0.0042796 0 1 0.1829 0.5 0.18858 0.5
-0.22968 -0.0041771 0 1 0.18389 0.5 0.18957 0.5
-0.23076 -0.0040745 0 1 0.18487 0.5 0.19056 0.5
-0.23184 -0.003972 0 1 0.18586 0.5 0.19155 0.5
-0.23292 -0.0038695 0 1 0.18685 0.5 0.19254 0.5
-0.234 -0.0037669 0 1 0.18784 0.5 0.19352 0.5
-0.23508 -0.0036644 0 1 0.18883 0.5 0.19451 0.5
-0.23616 -0.0035618 0 1 0.18982 0.5 0.1955 0.5
-0.23724 -0.0034593 0 1 0.19081 0.5 0.19649 0.5
-0.23822 -0.0033159 0 1 0.19179 0.5 0.19748 0.5
-0.23916 -0.0031611 0 1 0.19278 0.5 0.19847 0.5
-0.2401 -0.0030063 0 1 0.19377 0.5 0.19946 0.5
-0.24104 -0.0028516 0 1 0.19476 0.5 0.20044 0.5
-0.24198 -0.0026968 0 1 0.19575 0.5 0.20143 0.5
-0.24292 -0.002542 0 1 0.19674 0.5 0.20242 0.5
-0.24386 -0.0023872 0 1 0.19773 0.5 0.20341 0.5
-0.2448 -0.0022324 0 1 0.19871 0.5 0.2044 0.5
-0.24574 -0.0020776 0 1 0.1997 0.5 0.20539 0.5
-0.24668 -0.0019228 0 1 0.20069 0.5 0.20638 0.5
-0.24762 -0.001768 0 1 0.20168 0.5 0.20737 0.5
-0.24856 -0.0016132 0 1 0.20267 0.5 0.20835 0.5
-0.2495 -0.0014584 0 1 0.20366 0.5 0.20934 0.5
-0.25044 -0.0013036 0 1 0.20465 0.5 0.21033 0.5
-0.25138 -0.0011489 0 1 0.20564 0.5 0.21132 0.5
-0.25232 -0.00099406 0 1 0.20662 0.5 0.21231 0.5
-0.25326 -0.00083927 0 1 0.20761 0.5 0.2133 0.5
-0.2542 -0.00068448 0 1 0.2086 0.5 0.21429 0.5
-0.25514 -0.00052969 0 1 0.20959 0.5 0.21527 0.5
-0.25608 -0.0003749 0 1 0.21058 0.5 0.21626 0.5
-0.25702 -0.0002201 0 1 0.21157 0.5 0.21725 0.5
-0.25786 -3.9874e-05 0 1 0.21256 0.5 0.21824 0.5
-0.2586 0.00016461 0 1 0.21354 0.5 0.21923 0.5
-0.25934 0.0003691 0 1 0.21453 0.5 0.22022 0.5
-0.26007 0.00057358 0 1 0.21552 0.5 0.22121 0.5
-0.26081 0.00077806 0 1 0.21651 0.5 0.22219 0.5
-0.26155 0.00098255 0 1 0.2175 0.5 0.22318 0.5
-0.26229 0.001187 0 1 0.21849 0.5 0.22417 0.5
-0.26303 0.0013915 0 1 0.21948 0.5 0.22516 0.5
-0.26377 0.001596 0 1 0.22046 0.5 0.22615 0.5
-0.26451 0.0018005 0 1 0.22145 0.5 0.22714 0.5
-0.26525 0.002005 0 1 0.22244 0.5 0.22813 0.5
-0.26599 0.0022095 0 1 0.22343 0.5 0.22912 0.5
-0.26672 0.0024139 0 1 0.22442 0.5 0.2301 0.5
-0.26746 0.0026184 0 1 0.22541 0.5 0.23109 0.5
-0.2682 0.0028229 0 1 0.2264 0.5 0.23208 0.5
-0.26894 0.0030274 0 1 0.22738 0.5 0.23307 0.5
-0.26968 0.0032319 0 1 0.22837 0.5 0.23406 0.5
-0.27042 0.0034364 0 1 0.22936 0.5 0.23505 0.5
-0.27116 0.0036408 0 1 0.23035 0.5 0.23604 0.5
-0.2719 0.0038453 0 1 0.23134 0.5 0.23702 0.5
-0.27264 0.0040498 0 1 0.23233 0.5 0.23801 0.5
-0.27337 0.0042543 0 1 0.23332 0.5 0.239 0.5
-0.27399 0.004479 0 1 0.23431 0.5 0.23999 0.5
-0.27447 0.0047239 0 1 0.23529 0.5 0.24098 0.5
-0.27495 0.0049689 0 1 0.23628 0.5 0.24197 0.5
-0.27543 0.0052138 0 1 0.23727 0.5 0.24296 0.5
-0.27591 0.0054588 0 1 0.23826 0.5 0.24394 0.5
-0.2764 0.0057037 0 1 0.23925 0.5 0.24493 0.5
-0.27688 0.0059487 0 1 0.24024 0.5 0.24592 0.5
-0.27736 0.0061936 0 1 0.24123 0.5 0.24691 0.5
-0.27784 0.0064385 0 1 0.24221 0.5 0.2479 0.5
-0.27832 0.0066835 0 1 0.2432 0.5 0.24889 0.5
-0.27881 0.0069284 0 1 0.24419 0.5 0.24988 0.5
-0.27929 0.0071734 0 1 0.24518 0.5 0.25086 0.5
-0.27977 0.0074183 0 1 0.24617 0.5 0.25185 0.5
-0.28025 0.0076633 0 1 0.24716 0.5 0.25284 0.5
-0.28073 0.0079082 0 1 0.24815 0.5 0.25383 0.5
-0.28122 0.0081532 0 1 0.24913 0.5 0.25482 0.5
-0.2817 0.0083981 0 1 0.25012 0.5 0.25581 0.5
-0.28218 0.008643 0 1 0.25111 0.5 0.2568 0.5
-0.28266 0.008888 0 1 0.2521 0.5 0.25779 0.5
-0.28314 0.0091329 0 1 0.25309 0.5 0.25877 0.5
-0.28363 0.0093779 0 1 0.25408 0.5 0.25976 0.5
-0.28411 0.0096228 0 1 0.25507 0.5 0.26075 0.5
-0.28459 0.0098678 0 1 0.25606 0.5 0.26174 0.5
-0.28484 0.010132 0 1 0.25704 0.5 0.26273 0.5
-0.28503 0.010403 0 1 0.25803 0.5 0.26372 0.5
-0.28521 0.010673 0 1 0.25902 0.5 0.26471 0.5
-0.2854 0.010943 0 1 0.26001 0.5 0.26569 0.5
-0.28559 0.011213 0 1 0.261 0.5 0.26668 0.5
-0.28577 0.011483 0 1 0.26199 0.5 0.26767 0.5
-0.28596 0.011754 0 1 0.26298 0.5 0.26866 0.5
-0.28614 0.012024 0 1 0.26396 0.5 0.26965 0.5
-0.28633 0.012294 0 1 0.26495 0.5 0.27064 0.5
-0.28652 0.012564 0 1 0.26594 0.5 0.27163 0.5
-0.2867 0.012835 0 1 0.26693 0.5 0.27261 0.5
-0.28689 0.013105 0 1 0.26792 0.5 0.2736 0.5
-0.28707 0.013375 0 1 0.26891 0.5 0.27459 0.5
-0.28726 0.013645 0 1 0.2699 0.5 0.27558 0.5
-0.28744 0.013915 0 1 0.27088 0.5 0.27657 0.5
-0.28763 0.014186 0 1 0.27187 0.5 0.27756 0.5
-0.28782 0.014456 0 1 0.27286 0.5 0.27855 0.5
-0.288 0.014726 0 1 0.27385 0.5 0.27954 0.5
-0.28819 0.014996 0 1 0.27484 0.5 0.28052 0.5
-0.28837 0.015266 0 1 0.27583 0.5 0.28151 0.5
-0.28856 0.015537 0 1 0.27682 0.5 0.2825 0.5
-0.28875 0.015807 0 1 0.27781 0.5 0.28349 0.5
-0.28893 0.016077 0 1 0.27879 0.5 0.28448 0.5
-0.289 0.01635 0 1 0.27978 0.5 0.28547 0.5
-0.28887 0.016627 0 1 0.28077 0.5 0.28646 0.5
-0.28875 0.016903 0 1 0.28176 0.5 0.28744 0.5
-0.28862 0.01718 0 1 0.28275 0.5 0.28843 0.5
-0.2885 0.017457 0 1 0.28374 0.5 0.28942 0.5
-0.28838 0.017733 0 1 0.28473 0.5 0.29041 0.5
-0.28825 0.01801 0 1 0.28571 0.5 0.2914 0.5
-0.28813 0.018287 0 1 0.2867 0.5 0.29239 0.5
-0.288 0.018564 0 1 0.28769 0.5 0.29338 0.5
-0.28788 0.01884 0 1 0.28868 0.5 0.29436 0.5
-0.28775 0.019117 0 1 0.28967 0.5 0.29535 0.5
-0.28763 0.019394 0 1 0.29066 0.5 0.29634 0.5
-0.28751 0.019671 0 1 0.29165 0.5 0.29733 0.5
-0.28738 0.019947 0 1 0.29263 0.5 0.29832 0.5
-0.28726 0.020224 0 1 0.29362 0.5 0.29931 0.5
-0.28713 0.020501 0 1 0.29461 0.5 0.3003 0.5
-0.28701 0.020777 0 1 0.2956 0.5 0.30129 0.5
-0.28689 0.021054 0 1 0.29659 0.5 0.30227 0.5
-0.28676 0.021331 0 1 0.29758 0.5 0.30326 0.5
-0.28664 0.021608 0 1 0.29857 0.5 0.30425 0.5
-0.28651 0.021884 0 1 0.29956 0.5 0.30524 0.5
-0.28639 0.022161 0 1 0.30054 0.5 0.30623 0.5
-0.28626 0.022438 0 1 0.30153 0.5 0.30722 0.5
-0.28614 0.022715 0 1 0.30252 0.5 0.30821 0.5
-0.2859 0.022987 0 1 0.30351 0.5 0.30919 0.5
-0.28549 0.023251 0 1 0.3045 0.5 0.31018 0.5
-0.28507 0.023516 0 1 0.30549 0.5 0.31117 0.5
-0.28465 0.023781 0 1 0.30648 0.5 0.31216 0.5
-0.28423 0.024045 0 1 0.30746 0.5 0.31315 0.5
-0.28381 0.02431 0 1 0.30845 0.5 0.31414 0.5
-0.2834 0.024575 0 1 0.30944 0.5 0.31513 0.5
-0.28298 0.024839 0 1 0.31043 0.5 0.31611 0.5
-0.28256 0.025104 0 1 0.31142 0.5 0.3171 0.5
-0.28214 0.025369 0 1 0.31241 0.5 0.31809 0.5
-0.28173 0.025633 0 1 0.3134 0.5 0.31908 0.5
-0.28131 0.025898 0 1 0.31438 0.5 0.32007 0.5
-0.28089 0.026163 0 1 0.31537 0.5 0.32106 0.5
-0.28047 0.026427 0 1 0.31636 0.5 0.32205 0.5
-0.28005 0.026692 0 1 0.31735 0.5 0.32303 0.5
-0.27964 0.026957 0 1 0.31834 0.5 0.32402 0.5
-0.27922 0.027221 0 1 0.31933 0.5 0.32501 0.5
-0.2788 0.027486 0 1 0.32032 0.5 0.326 0.5
-0.27838 0.027751 0 1 0.3213 0.5 0.32699 0.5
-0.27797 0.028015 0 1 0.32229 0.5 0.32798 0.5
-0.27755 0.02828 0 1 0.32328 0.5 0.32897 0.5
-0.27713 0.028544 0 1 0.32427 0.5 0.32996 0.5
-0.27671 0.028809 0 1 0.32526 0.5 0.33094 0.5
-0.27629 0.029074 0 1 0.32625 0.5 0.33193 0.5
-0.27588 0.029338 0 1 0.32724 0.5 0.33292 0.5
-0.27526 0.029582 0 1 0.32823 0.5 0.33391 0.5
-0.27459 0.02982 0 1 0.32921 0.5 0.3349 0.5
-0.27392 0.030058 0 1 0.3302 0.5 0.33589 0.5
-0.27325 0.030296 0 1 0.33119 0.5 0.33688 0.5
-0.27259 0.030534 0 1 0.33218 0.5 0.33786 0.5
-0.27192 0.030772 0 1 0.33317 0.5 0.33885 0.5
-0.27125 0.03101 0 1 0.33416 0.5 0.33984 0.5
-0.27058 0.031248 0 1 0.33515 0.5 0.34083 0.5
-0.26991 0.031486 0 1 0.33613 0.5 0.34182 0.5
-0.26925 0.031724 0 1 0.33712 0.5 0.34281 0.5
-0.26858 0.031962 0 1 0.33811 0.5 0.3438 0.5
-0.26791 0.032201 0 1 0.3391 0.5 0.34478 0.5
-0.26724 0.032439 0 1 0.34009 0.5 0.34577 0.5
-0.26658 0.032677 0 1 0.34108 0.5 0.34676 0.5
-0.26591 0.032915 0 1 0.34207 0.5 0.34775 0.5
-0.26524 0.033153 0 1 0.34305 0.5 0.34874 0.5
-0.26457 0.033391 0 1 0.34404 0.5 0.34973 0.5
-0.26391 0.033629 0 1 0.34503 0.5 0.35072 0.5
-0.26324 0.033867 0 1 0.34602 0.5 0.35171 0.5
-0.26257 0.034105 0 1 0.34701 0.5 0.35269 0.5
-0.2619 0.034343 0 1 0.348 0.5 0.35368 0.5
-0.26123 0.034581 0 1 0.34899 0.5 0.35467 0.5
-0.26057 0.034819 0 1 0.34998 0.5 0.35566 0.5
-0.2599 0.035057 0 1 0.35096 0.5 0.35665 0.5
-0.25923 0.035296 0 1 0.35195 0.5 0.35764 0.5
-0.25843 0.035509 0 1 0.35294 0.5 0.35863 0.5
-0.25757 0.035712 0 1 0.35393 0.5 0.35961 0.5
-0.25671 0.035916 0 1 0.35492 0.5 0.3606 0.5
-0.25586 0.03612 0 1 0.35591 0.5 0.36159 0.5
-0.255 0.036324 0 1 0.3569 0.5 0.36258 0.5
-0.25415 0.036528 0 1 0.35788 0.5 0.36357 0.5
-0.25329 0.036731 0 1 0.35887 0.5 0.36456 0.5
-0.25243 0.036935 0 1 0.35986 0.5 0.36555 0.5
-0.25158 0.037139 0 1 0.36085 0.5 0.36653 0.5
-0.25072 0.037343 0 1 0.36184 0.5 0.36752 0.5
-0.24986 0.037547 0 1 0.36283 0.5 0.36851 0.5
-0.24901 0.03775 0 1 0.36382 0.5 0.3695 0.5
-0.24815 0.037954 0 1 0.3648 0.5 0.37049 0.5
-0.2473 0.038158 0 1 0.36579 0.5 0.37148 0.5
-0.24644 0.038362 0 1 0.36678 0.5 0.37247 0.5
-0.24558 0.038566 0 1 0.36777 0.5 0.37346 0.5
-0.24473 0.038769 0 1 0.36876 0.5 0.37444 0.5
-0.24387 0.038973 0 1 0.36975 0.5 0.37543 0.5
-0.24302 0.039177 0 1 0.37074 0.5 0.37642 0.5
-0.24216 0.039381 0 1 0.37173 0.5 0.37741 0.5
-0.2413 0.039585 0 1 0.37271 0.5 0.3784 0.5
-0.24045 0.039788 0 1 0.3737 0.5 0.37939 0.5
-0.23959 0.039992 0 1 0.37469 0.5 0.38038 0.5
-0.23873 0.040196 0 1 0.37568 0.5 0.38136 0.5
-0.23788 0.0404 0 1 0.37667 0.5 0.38235 0.5
-0.237 0.040596 0 1 0.37766 0.5 0.38334 0.5
-0.23602 0.040766 0 1 0.37865 0.5 0.38433 0.5
-0.23504 0.040935 0 1 0.37963 0.5 0.38532 0.5
-0.23406 0.041104 0 1 0.38062 0.5 0.38631 0.5
-0.23308 0.041273 0 1 0.38161 0.5 0.3873 0.5
-0.2321 0.041443 0 1 0.3826 0.5 0.38828 0.5
-0.23112 0.041612 0 1 0.38359 0.5 0.38927 0.5
-0.23015 0.041781 0 1 0.38458 0.5 0.39026 0.5
-0.22917 0.04195 0 1 0.38557 0.5 0.39125 0.5
-0.22819 0.04212 0 1 0.38655 0.5 0.39224 0.5
-0.22721 0.042289 0 1 0.38754 0.5 0.39323 0.5
-0.22623 0.042458 0 1 0.38853 0.5 0.39422 0.5
-0.22525 0.042627 0 1 0.38952 0.5 0.3952 0.5
-0.22427 0.042797 0 1 0.39051 0.5 0.39619 0.5
-0.22329 0.042966 0 1 0.3915 0.5 0.39718 0.5
-0.22232 0.043135 0 1 0.39249 0.5 0.39817 0.5
-0.22134 0.043304 0 1 0.39347 0.5 0.39916 0.5
-0.22036 0.043474 0 1 0.39446 0.5 0.40015 0.5
-0.21938 0.043643 0 1 0.39545 0.5 0.40114 0.5
-0.2184 0.043812 0 1 0.39644 0.5 0.40213 0.5
-0.21742 0.043982 0 1 0.39743 0.5 0.40311 0.5
-0.21644 0.044151 0 1 0.39842 0.5 0.4041 0.5
-0.21546 0.04432 0 1 0.39941 0.5 0.40509 0.5
-0.21449 0.044489 0 1 0.4004 0.5 0.40608 0.5
-0.21351 0.044659 0 1 0.40138 0.5 0.40707 0.5
-0.21253 0.044828 0 1 0.40237 0.5 0.40806 0.5
-0.21153 0.044988 0 1 0.40336 0.5 0.40905 0.5
-0.21048 0.045128 0 1 0.40435 0.5 0.41003 0.5
-0.20944 0.045268 0 1 0.40534 0.5 0.41102 0.5
-0.2084 0.045408 0 1 0.40633 0.5 0.41201 0.5
-0.20736 0.045549 0 1 0.40732 0.5 0.413 0.5
-0.20631 0.045689 0 1 0.4083 0.5 0.41399 0.5
-0.20527 0.045829 0 1 0.40929 0.5 0.41498 0.5
-0.20423 0.04597 0 1 0.41028 0.5 0.41597 0.5
-0.20318 0.04611 0 1 0.41127 0.5 0.41695 0.5
-0.20214 0.04625 0 1 0.41226 0.5 0.41794 0.5
-0.2011 0.046391 0 1 0.41325 0.5 0.41893 0.5
-0.20005 0.046531 0 1 0.41424 0.5 0.41992 0.5
-0.19901 0.046671 0 1 0.41522 0.5 0.42091 0.5
-0.19797 0.046812 0 1 0.41621 0.5 0.4219 0.5
-0.19692 0.046952 0 1 0.4172 0.5 0.42289 0.5
-0.19588 0.047092 0 1 0.41819 0.5 0.42388 0.5
-0.19484 0.047233 0 1 0.41918 0.5 0.42486 0.5
-0.19379 0.047373 0 1 0.42017 0.5 0.42585 0.5
-0.19275 0.047513 0 1 0.42116 0.5 0.42684 0.5
-0.19171 0.047654 0 1 0.42215 0.5 0.42783 0.5
-0.19066 0.047794 0 1 0.42313 0.5 0.42882 0.5
-0.18962 0.047934 0 1 0.42412 0.5 0.42981 0.5
-0.18858 0.048075 0 1 0.42511 0.5 0.4308 0.5
-0.18754 0.048215 0 1 0.4261 0.5 0.43178 0.5
-0.18649 0.048355 0 1 0.42709 0.5 0.43277 0.5
-0.18545 0.048496 0 1 0.42808 0.5 0.43376 0.5
-0.1844 0.048633 0 1 0.42907 0.5 0.43475 0.5
-0.18334 0.048753 0 1 0.43005 0.5 0.43574 0.5
-0.18227 0.048873 0 1 0.43104 0.5 0.43673 0.5
-0.18121 0.048993 0 1 0.43203 0.5 0.43772 0.5
-0.18014 0.049113 0 1 0.43302 0.5 0.4387 0.5
-0.17908 0.049233 0 1 0.43401 0.5 0.43969 0.5
-0.17802 0.049353 0 1 0.435 0.5 0.44068 0.5
-0.17695 0.049473 0 1 0.43599 0.5 0.44167 0.5
-0.17589 0.049593 0 1 0.43697 0.5 0.44266 0.5
-0.17482 0.049714 0 1 0.43796 0.5 0.44365 0.5
-0.17376 0.049834 0 1 0.43895 0.5 0.44464 0.5
-0.17269 0.049954 0 1 0.43994 0.5 0.44563 0.5
-0.17163 0.050074 0 1 0.44093 0.5 0.44661 0.5
-0.17057 0.050194 0 1 0.44192 0.5 0.4476 0.5
-0.1695 0.050314 0 1 0.44291 0.5 0.44859 0.5
-0.16844 0.050434 0 1 0.4439 0.5 0.44958 0.5
-0.16737 0.050554 0 1 0.44488 0.5 0.45057 0.5
-0.16631 0.050674 0 1 0.44587 0.5 0.45156 0.5
-0.16524 0.050794 0 1 0.44686 0.5 0.45255 0.5
-0.16418 0.050914 0 1 0.44785 0.5 0.45353 0.5
-0.16311 0.051035 0 1 0.44884 0.5 0.45452 0.5
-0.16205 0.051155 0 1 0.44983 0.5 0.45551 0.5
-0.16099 0.051275 0 1 0.45082 0.5 0.4565 0.5
-0.15992 0.051395 0 1 0.4518 0.5 0.45749 0.5
-0.15886 0.051515 0 1 0.45279 0.5 0.45848 0.5
-0.15779 0.051635 0 1 0.45378 0.5 0.45947 0.5
-0.15673 0.051755 0 1 0.45477 0.5 0.46045 0.5
-0.15567 0.051866 0 1 0.45576 0.5 0.46144 0.5
-0.15461 0.051975 0 1 0.45675 0.5 0.46243 0.5
-0.15355 0.052084 0 1 0.45774 0.5 0.46342 0.5
-0.15249 0.052193 0 1 0.45872 0.5 0.46441 0.5
-0.15143 0.052302 0 1 0.45971 0.5 0.4654 0.5
-0.15037 0.052411 0 1 0.4607 0.5 0.46639 0.5
-0.14931 0.05252 0 1 0.46169 0.5 0.46737 0.5
-0.14825 0.052628 0 1 0.46268 0.5 0.46836 0.5
-0.14719 0.052737 0 1 0.46367 0.5 0.46935 0.5
-0.14613 0.052846 0 1 0.46466 0.5 0.47034 0.5
-0.14507 0.052955 0 1 0.46564 0.5 0.47133 0.5
-0.14401 0.053064 0 1 0.46663 0.5 0.47232 0.5
-0.14295 0.053173 0 1 0.46762 0.5 0.47331 0.5
-0.1419 0.053281 0 1 0.46861 0.5 0.4743 0.5
-0.14084 0.05339 0 1 0.4696 0.5 0.47528 0.5
-0.13978 0.053499 0 1 0.47059 0.5 0.47627 0.5
-0.13872 0.053608 0 1 0.47158 0.5 0.47726 0.5
-0.13766 0.053717 0 1 0.47257 0.5 0.47825 0.5
-0.1366 0.053826 0 1 0.47355 0.5 0.47924 0.5
-0.13554 0.053935 0 1 0.47454 0.5 0.48023 0.5
-0.13448 0.054043 0 1 0.47553 0.5 0.48122 0.5
-0.13342 0.054152 0 1 0.47652 0.5 0.4822 0.5
-0.13236 0.054261 0 1 0.47751 0.5 0.48319 0.5
-0.1313 0.05437 0 1 0.4785 0.5 0.48418 0.5
-0.13024 0.054479 0 1 0.47949 0.5 0.48517 0.5
-0.12918 0.054588 0 1 0.48047 0.5 0.48616 0.5
-0.12813 0.054695 0 1 0.48146 0.5 0.48715 0.5
-0.12708 0.0548 0 1 0.48245 0.5 0.48814 0.5
-0.12604 0.054905 0 1 0.48344 0.5 0.48912 0.5
-0.125 0.05501 0 1 0.48443 0.5 0.49011 0.5
-0.12395 0.055114 0 1 0.48542 0.5 0.4911 0.5
-0.12291 0.055219 0 1 0.48641 0.5 0.49209 0.5
-0.12187 0.055324 0 1 0.48739 0.5 0.49308 0.5
-0.12082 0.055429 0 1 0.48838 0.5 0.49407 0.5
-0.11978 0.055534 0 1 0.48937 0.5 0.49506 0.5
-0.11874 0.055638 0 1 0.49036 0.5 0.49605 0.5
-0.1177 0.055743 0 1 0.49135 0.5 0.49703 0.5
-0.11665 0.055848 0 1 0.49234 0.5 0.49802 0.5
-0.11561 0.055953 0 1 0.49333 0.5 0.49901 0.5
-0.11457 0.056057 0 1 0.49432 0.5 0.5 0.5
-0.11352 0.056162 0 1 0.4953 0.5 0.50099 0.5
-0.11248 0.056267 0 1 0.49629 0.5 0.50198 0.5
-0.11144 0.056372 0 1 0.49728 0.5 0.50297 0.5
-0.11039 0.056477 0 1 0.49827 0.5 0.50395 0.5
-0.10935 0.056581 0 1 0.49926 0.5 0.50494 0.5
-0.10831 0.056686 0 1 0.50025 0.5 0.50593 0.5
-0.10726 0.056791 0 1 0.50124 0.5 0.50692 0.5
-0.10622 0.056896 0 1 0.50222 0.5 0.50791 0.5
-0.10518 0.057001 0 1 0.50321 0.5 0.5089 0.5
-0.10413 0.057105 0 1 0.5042 0.5 0.50989 0.5
-0.10309 0.05721 0 1 0.50519 0.5 0.51087 0.5
-0.10205 0.057315 0 1 0.50618 0.5 0.51186 0.5
-0.10101 0.05742 0 1 0.50717 0.5 0.51285 0.5
-0.099975 0.057525 0 1 0.50816 0.5 0.51384 0.5
-0.098949 0.05763 0 1 0.50914 0.5 0.51483 0.5
-0.097924 0.057735 0 1 0.51013 0.5 0.51582 0.5
-0.096898 0.05784 0 1 0.51112 0.5 0.51681 0.5
-0.095872 0.057945 0 1 0.51211 0.5 0.5178 0.5
-0.094847 0.058051 0 1 0.5131 0.5 0.51878 0.5
-0.093821 0.058156 0 1 0.51409 0.5 0.51977 0.5
-0.092796 0.058261 0 1 0.51508 0.5 0.52076 0.5
-0.09177 0.058366 0 1 0.51607 0.5 0.52175 0.5
-0.090744 0.058471 0 1 0.51705 0.5 0.52274 0.5
-0.089719 0.058576 0 1 0.51804 0.5 0.52373 0.5
-0.088693 0.058682 0 1 0.51903 0.5 0.52472 0.5
-0.087668 0.058787 0 1 0.52002 0.5 0.5257 0.5
-0.086642 0.058892 0 1 0.52101 0.5 0.52669 0.5
-0.085616 0.058997 0 1 0.522 0.5 0.52768 0.5
-0.084591 0.059102 0 1 0.52299 0.5 0.52867 0.5
-0.083565 0.059208 0 1 0.52397 0.5 0.52966 0.5
-0.082539 0.059313 0 1 0.52496 0.5 0.53065 0.5
-0.081514 0.059418 0 1 0.52595 0.5 0.53164 0.5
-0.080488 0.059523 0 1 0.52694 0.5 0.53262 0.5
-0.079463 0.059628 0 1 0.52793 0.5 0.53361 0.5
-0.078437 0.059733 0 1 0.52892 0.5 0.5346 0.5
-0.077411 0.059839 0 1 0.52991 0.5 0.53559 0.5
-0.076386 0.059944 0 1 0.53089 0.5 0.53658 0.5
-0.07536 0.060049 0 1 0.53188 0.5 0.53757 0.5
-0.074335 0.060154 0 1 0.53287 0.5 0.53856 0.5
-0.073312 0.06026 0 1 0.53386 0.5 0.53954 0.5
-0.072299 0.060367 0 1 0.53485 0.5 0.54053 0.5
-0.071286 0.060474 0 1 0.53584 0.5 0.54152 0.5
-0.070273 0.060582 0 1 0.53683 0.5 0.54251 0.5
-0.06926 0.060689 0 1 0.53781 0.5 0.5435 0.5
-0.068248 0.060796 0 1 0.5388 0.5 0.54449 0.5
-0.067235 0.060903 0 1 0.53979 0.5 0.54548 0.5
-0.066222 0.061011 0 1 0.54078 0.5 0.54647 0.5
-0.065209 0.061118 0 1 0.54177 0.5 0.54745 0.5
-0.064196 0.061225 0 1 0.54276 0.5 0.54844 0.5
-0.063183 0.061332 0 1 0.54375 0.5 0.54943 0.5
-0.06217 0.06144 0 1 0.54474 0.5 0.55042 0.5
-0.061158 0.061547 0 1 0.54572 0.5 0.55141 0.5
-0.060145 0.061654 0 1 0.54671 0.5 0.5524 0.5
-0.059132 0.061761 0 1 0.5477 0.5 0.55339 0.5
-0.058119 0.061869 0 1 0.54869 0.5 0.55437 0.5
-0.057106 0.061976 0 1 0.54968 0.5 0.55536 0.5
-0.056093 0.062083 0 1 0.55067 0.5 0.55635 0.5
-0.055081 0.062191 0 1 0.55166 0.5 0.55734 0.5
-0.054068 0.062298 0 1 0.55264 0.5 0.55833 0.5
-0.053055 0.062405 0 1 0.55363 0.5 0.55932 0.5
-0.052042 0.062512 0 1 0.55462 0.5 0.56031 0.5
-0.051029 0.06262 0 1 0.55561 0.5 0.56129 0.5
-0.050016 0.062727 0 1 0.5566 0.5 0.56228 0.5
-0.049003 0.062834 0 1 0.55759 0.5 0.56327 0.5
-0.047991 0.062941 0 1 0.55858 0.5 0.56426 0.5
-0.046978 0.063049 0 1 0.55956 0.5 0.56525 0.5
-0.04597 0.063157 0 1 0.56055 0.5 0.56624 0.5
-0.044962 0.063266 0 1 0.56154 0.5 0.56723 0.5
-0.043955 0.063375 0 1 0.56253 0.5 0.56822 0.5
-0.042948 0.063484 0 1 0.56352 0.5 0.5692 0.5
-0.041941 0.063593 0 1 0.56451 0.5 0.57019 0.5
-0.040934 0.063701 0 1 0.5655 0.5 0.57118 0.5
-0.039927 0.06381 0 1 0.56649 0.5 0.57217 0.5
-0.038919 0.063919 0 1 0.56747 0.5 0.57316 0.5
-0.037912 0.064028 0 1 0.56846 0.5 0.57415 0.5
-0.036905 0.064137 0 1 0.56945 0.5 0.57514 0.5
-0.035898 0.064246 0 1 0.57044 0.5 0.57612 0.5
-0.034891 0.064354 0 1 0.57143 0.5 0.57711 0.5
-0.033883 0.064463 0 1 0.57242 0.5 0.5781 0.5
-0.032876 0.064572 0 1 0.57341 0.5 0.57909 0.5
-0.031869 0.064681 0 1 0.57439 0.5 0.58008 0.5
-0.030862 0.06479 0 1 0.57538 0.5 0.58107 0.5
-0.029855 0.064899 0 1 0.57637 0.5 0.58206 0.5
-0.028847 0.065007 0 1 0.57736 0.5 0.58304 0.5
-0.02784 0.065116 0 1 0.57835 0.5 0.58403 0.5
-0.026833 0.065225 0 1 0.57934 0.5 0.58502 0.5
-0.025826 0.065334 0 1 0.58033 0.5 0.58601 0.5
-0.024819 0.065443 0 1 0.58131 0.5 0.587 0.5
-0.023811 0.065552 0 1 0.5823 0.5 0.58799 0.5
-0.022804 0.06566 0 1 0.58329 0.5 0.58898 0.5
-0.021797 0.065769 0 1 0.58428 0.5 0.58997 0.5
-0.02079 0.065878 0 1 0.58527 0.5 0.59095 0.5
-0.019782 0.065987 0 1 0.58626 0.5 0.59194 0.5
-0.018773 0.066095 0 1 0.58725 0.5 0.59293 0.5
-0.017764 0.066203 0 1 0.58824 0.5 0.59392 0.5
-0.016755 0.066312 0 1 0.58922 0.5 0.59491 0.5
-0.015747 0.06642 0 1 0.59021 0.5 0.5959 0.5
-0.014738 0.066528 0 1 0.5912 0.5 0.59689 0.5
-0.013729 0.066637 0 1 0.59219 0.5 0.59787 0.5
-0.01272 0.066745 0 1 0.59318 0.5 0.59886 0.5
-0.011712 0.066854 0 1 0.59417 0.5 0.59985 0.5
-0.010703 0.066962 0 1 0.59516 0.5 0.60084 0.5
-0.0096942 0.06707 0 1 0.59614 0.5 0.60183 0.5
-0.0086854 0.067179 0 1 0.59713 0.5 0.60282 0.5
-0.0076767 0.067287 0 1 0.59812 0.5 0.60381 0.5
-0.006668 0.067395 0 1 0.59911 0.5 0.60479 0.5
-0.0056592 0.067504 0 1 0.6001 0.5 0.60578 0.5
-0.0046505 0.067612 0 1 0.60109 0.5 0.60677 0.5
-0.0036418 0.06772 0 1 0.60208 0.5 0.60776 0.5
-0.002633 0.067829 0 1 0.60306 0.5 0.60875 0.5
-0.0016243 0.067937 0 1 0.60405 0.5 0.60974 0.5
-0.00061555 0.068046 0 1 0.60504 0.5 0.61073 0.5
0.00039322 0.068154 0 1 0.60603 0.5 0.61172 0.5
0.0014019 0.068262 0 1 0.60702 0.5 0.6127 0.5
0.0024107 0.068371 0 1 0.60801 0.5 0.61369 0.5
0.0034194 0.068479 0 1 0.609 0.5 0.61468 0.5
0.0044282 0.068587 0 1 0.60998 0.5 0.61567 0.5
0.0054369 0.068696 0 1 0.61097 0.5 0.61666 0.5
0.0064516 0.068801 0 1 0.61196 0.5 0.61765 0.5
0.0074679 0.068906 0 1 0.61295 0.5 0.61864 0.5
0.0084842 0.069011 0 1 0.61394 0.5 0.61962 0.5
0.0095004 0.069116 0 1 0.61493 0.5 0.62061 0.5
0.010517 0.069221 0 1 0.61592 0.5 0.6216 0.5
0.011533 0.069326 0 1 0.61691 0.5 0.62259 0.5
0.012549 0.069431 0 1 0.61789 0.5 0.62358 0.5
0.013566 0.069536 0 1 0.61888 0.5 0.62457 0.5
0.014582 0.069641 0 1 0.61987 0.5 0.62556 0.5
0.015598 0.069746 0 1 0.62086 0.5 0.62654 0.5
0.016614 0.069851 0 1 0.62185 0.5 0.62753 0.5
0.017631 0.069955 0 1 0.62284 0.5 0.62852 0.5
0.018647 0.07006 0 1 0.62383 0.5 0.62951 0.5
0.019663 0.070165 0 1 0.62481 0.5 0.6305 0.5
0.020679 0.07027 0 1 0.6258 0.5 0.63149 0.5
0.021696 0.070375 0 1 0.62679 0.5 0.63248 0.5
0.022712 0.07048 0 1 0.62778 0.5 0.63346 0.5
0.023728 0.070585 0 1 0.62877 0.5 0.63445 0.5
0.024745 0.07069 0 1 0.62976 0.5 0.63544 0.5
0.025761 0.070795 0 1 0.63075 0.5 0.63643 0.5
0.026777 0.0709 0 1 0.63173 0.5 0.63742 0.5
0.027793 0.071005 0 1 0.63272 0.5 0.63841 0.5
0.02881 0.07111 0 1 0.63371 0.5 0.6394 0.5
0.029826 0.071215 0 1 0.6347 0.5 0.64039 0.5
0.030842 0.071319 0 1 0.63569 0.5 0.64137 0.5
0.031862 0.071422 0 1 0.63668 0.5 0.64236 0.5
0.03289 0.07152 0 1 0.63767 0.5 0.64335 0.5
0.033918 0.071618 0 1 0.63866 0.5 0.64434 0.5
0.034946 0.071716 0 1 0.63964 0.5 0.64533 0.5
0.035974 0.071814 0 1 0.64063 0.5 0.64632 0.5
0.037002 0.071912 0 1 0.64162 0.5 0.64731 0.5
0.038029 0.07201 0 1 0.64261 0.5 0.64829 0.5
0.039057 0.072108 0 1 0.6436 0.5 0.64928 0.5
0.040085 0.072206 0 1 0.64459 0.5 0.65027 0.5
0.041113 0.072304 0 1 0.64558 0.5 0.65126 0.5
0.042141 0.072402 0 1 0.64656 0.5 0.65225 0.5
0.043169 0.0725 0 1 0.64755 0.5 0.65324 0.5
0.044197 0.072598 0 1 0.64854 0.5 0.65423 0.5
0.045225 0.072696 0 1 0.64953 0.5 0.65521 0.5
0.046253 0.072794 0 1 0.65052 0.5 0.6562 0.5
0.047281 0.072892 0 1 0.65151 0.5 0.65719 0.5
0.048309 0.07299 0 1 0.6525 0.5 0.65818 0.5
0.049337 0.073088 0 1 0.65348 0.5 0.65917 0.5
0.050365 0.073186 0 1 0.65447 0.5 0.66016 0.5
0.051393 0.073284 0 1 0.65546 0.5 0.66115 0.5
0.052421 0.073382 0 1 0.65645 0.5 0.66214 0.5
0.053449 0.073479 0 1 0.65744 0.5 0.66312 0.5
0.054477 0.073577 0 1 0.65843 0.5 0.66411 0.5
0.055505 0.073675 0 1 0.65942 0.5 0.6651 0.5
0.056533 0.073773 0 1 0.66041 0.5 0.66609 0.5
0.057563 0.073869 0 1 0.66139 0.5 0.66708 0.5
0.058605 0.073956 0 1 0.66238 0.5 0.66807 0.5
0.059646 0.074043 0 1 0.66337 0.5 0.66906 0.5
0.060687 0.07413 0 1 0.66436 0.5 0.67004 0.5
0.061729 0.074217 0 1 0.66535 0.5 0.67103 0.5
0.06277 0.074304 0 1 0.66634 0.5 0.67202 0.5
0.063812 0.074391 0 1 0.66733 0.5 0.67301 0.5
0.064853 0.074478 0 1 0.66831 0.5 0.674 0.5
0.065894 0.074565 0 1 0.6693 0.5 0.67499 0.5
0.066936 0.074652 0 1 0.67029 0.5 0.67598 0.5
0.067977 0.074739 0 1 0.67128 0.5 0.67696 0.5
0.069018 0.074826 0 1 0.67227 0.5 0.67795 0.5
0.07006 0.074913 0 1 0.67326 0.5 0.67894 0.5
0.071101 0.075 0 1 0.67425 0.5 0.67993 0.5
0.072142 0.075088 0 1 0.67523 0.5 0.68092 0.5
0.073184 0.075175 0 1 0.67622 0.5 0.68191 0.5
0.074225 0.075262 0 1 0.67721 0.5 0.6829 0.5
0.075267 0.075349 0 1 0.6782 0.5 0.68389 0.5
0.076308 0.075436 0 1 0.67919 0.5 0.68487 0.5
0.077349 0.075523 0 1 0.68018 0.5 0.68586 0.5
0.078391 0.07561 0 1 0.68117 0.5 0.68685 0.5
0.079432 0.075697 0 1 0.68216 0.5 0.68784 0.5
0.080473 0.075784 0 1 0.68314 0.5 0.68883 0.5
0.081515 0.075871 0 1 0.68413 0.5 0.68982 0.5
0.082556 0.075958 0 1 0.68512 0.5 0.69081 0.5
0.083605 0.076035 0 1 0.68611 0.5 0.69179 0.5
0.084659 0.076107 0 1 0.6871 0.5 0.69278 0.5
0.085713 0.076179 0 1 0.68809 0.5 0.69377 0.5
0.086767 0.07625 0 1 0.68908 0.5 0.69476 0.5
0.08782 0.076322 0 1 0.69006 0.5 0.69575 0.5
0.088874 0.076394 0 1 0.69105 0.5 0.69674 0.5
0.089928 0.076465 0 1 0.69204 0.5 0.69773 0.5
0.090982 0.076537 0 1 0.69303 0.5 0.69871 0.5
0.092036 0.076609 0 1 0.69402 0.5 0.6997 0.5
0.093089 0.076681 0 1 0.69501 0.5 0.70069 0.5
0.094143 0.076752 0 1 0.696 0.5 0.70168 0.5
0.095197 0.076824 0 1 0.69698 0.5 0.70267 0.5
0.096251 0.076896 0 1 0.69797 0.5 0.70366 0.5
0.097305 0.076967 0 1 0.69896 0.5 0.70465 0.5
0.098358 0.077039 0 1 0.69995 0.5 0.70563 0.5
0.099412 0.077111 0 1 0.70094 0.5 0.70662 0.5
0.10047 0.077182 0 1 0.70193 0.5 0.70761 0.5
0.10152 0.077254 0 1 0.70292 0.5 0.7086 0.5
0.10257 0.077326 0 1 0.7039 0.5 0.70959 0.5
0.10363 0.077397 0 1 0.70489 0.5 0.71058 0.5
0.10468 0.077469 0 1 0.70588 0.5 0.71157 0.5
0.10574 0.077541 0 1 0.70687 0.5 0.71256 0.5
0.10679 0.077613 0 1 0.70786 0.5 0.71354 0.5
0.10784 0.077684 0 1 0.70885 0.5 0.71453 0.5
0.1089 0.077744 0 1 0.70984 0.5 0.71552 0.5
0.10996 0.077795 0 1 0.71083 0.5 0.71651 0.5
0.11103 0.077847 0 1 0.71181 0.5 0.7175 0.5
0.11209 0.077898 0 1 0.7128 0.5 0.71849 0.5
0.11315 0.07795 0 1 0.71379 0.5 0.71948 0.5
0.11421 0.078001 0 1 0.71478 0.5 0.72046 0.5
0.11528 0.078053 0 1 0.71577 0.5 0.72145 0.5
0.11634 0.078104 0 1 0.71676 0.5 0.72244 0.5
0.1174 0.078156 0 1 0.71775 0.5 0.72343 0.5
0.11846 0.078207 0 1 0.71873 0.5 0.72442 0.5
0.11952 0.078259 0 1 0.71972 0.5 0.72541 0.5
0.12059 0.07831 0 1 0.72071 0.5 0.7264 0.5
0.12165 0.078362 0 1 0.7217 0.5 0.72738 0.5
0.12271 0.078413 0 1 0.72269 0.5 0.72837 0.5
0.12377 0.078465 0 1 0.72368 0.5 0.72936 0.5
0.12484 0.078516 0 1 0.72467 0.5 0.73035 0.5
0.1259 0.078568 0 1 0.72565 0.5 0.73134 0.5
0.12696 0.078619 0 1 0.72664 0.5 0.73233 0.5
0.12802 0.078671 0 1 0.72763 0.5 0.73332 0.5
0.12909 0.078722 0 1 0.72862 0.5 0.73431 0.5
0.13015 0.078774 0 1 0.72961 0.5 0.73529 0.5
0.13121 0.078825 0 1 0.7306 0.5 0.73628 0.5
0.13227 0.078877 0 1 0.73159 0.5 0.73727 0.5
0.13334 0.078922 0 1 0.73258 0.5 0.73826 0.5
0.1344 0.078948 0 1 0.73356 0.5 0.73925 0.5
0.13546 0.078974 0 1 0.73455 0.5 0.74024 0.5
0.13653 0.079 0 1 0.73554 0.5 0.74123 0.5
0.13759 0.079026 0 1 0.73653 0.5 0.74221 0.5
0.13866 0.079052 0 1 0.73752 0.5 0.7432 0.5
0.13972 0.079078 0 1 0.73851 0.5 0.74419 0.5
0.14078 0.079105 0 1 0.7395 0.5 0.74518 0.5
0.14185 0.079131 0 1 0.74048 0.5 0.74617 0.5
0.14291 0.079157 0 1 0.74147 0.5 0.74716 0.5
0.14398 0.079183 0 1 0.74246 0.5 0.74815 0.5
0.14504 0.079209 0 1 0.74345 0.5 0.74913 0.5
0.1461 0.079235 0 1 0.74444 0.5 0.75012 0.5
0.14717 0.079261 0 1 0.74543 0.5 0.75111 0.5
0.14823 0.079287 0 1 0.74642 0.5 0.7521 0.5
0.1493 0.079313 0 1 0.7474 0.5 0.75309 0.5
0.15036 0.079339 0 1 0.74839 0.5 0.75408 0.5
0.15142 0.079365 0 1 0.74938 0.5 0.75507 0.5
0.15249 0.079391 0 1 0.75037 0.5 0.75606 0.5
0.15355 0.079417 0 1 0.75136 0.5 0.75704 0.5
0.15462 0.079443 0 1 0.75235 0.5 0.75803 0.5
0.15568 0.079469 0 1 0.75334 0.5 0.75902 0.5
0.15674 0.079495 0 1 0.75433 0.5 0.76001 0.5
0.1578 0.079505 0 1 0.75531 0.5 0.761 0.5
0.15886 0.0795 0 1 0.7563 0.5 0.76199 0.5
0.15992 0.079495 0 1 0.75729 0.5 0.76298 0.5
0.16098 0.07949 0 1 0.75828 0.5 0.76396 0.5
0.16203 0.079485 0 1 0.75927 0.5 0.76495 0.5
0.16309 0.07948 0 1 0.76026 0.5 0.76594 0.5
0.16415 0.079475 0 1 0.76125 0.5 0.76693 0.5
0.1652 0.07947 0 1 0.76223 0.5 0.76792 0.5
0.16626 0.079465 0 1 0.76322 0.5 0.76891 0.5
0.16732 0.07946 0 1 0.76421 0.5 0.7699 0.5
0.16837 0.079454 0 1 0.7652 0.5 0.77088 0.5
0.16943 0.079449 0 1 0.76619 0.5 0.77187 0.5
0.17049 0.079444 0 1 0.76718 0.5 0.77286 0.5
0.17154 0.079439 0 1 0.76817 0.5 0.77385 0.5
0.1726 0.079434 0 1 0.76915 0.5 0.77484 0.5
0.17366 0.079429 0 1 0.77014 0.5 0.77583 0.5
0.17471 0.079424 0 1 0.77113 0.5 0.77682 0.5
0.17577 0.079419 0 1 0.77212 0.5 0.7778 0.5
0.17683 0.079414 0 1 0.77311 0.5 0.77879 0.5
0.17788 0.079409 0 1 0.7741 0.5 0.77978 0.5
0.17894 0.079404 0 1 0.77509 0.5 0.78077 0.5
0.18 0.079399 0 1 0.77607 0.5 0.78176 0.5
0.18105 0.079375 0 1 0.77706 0.5 0.78275 0.5
0.18209 0.079333 0 1 0.77805 0.5 0.78374 0.5
0.18313 0.079291 0 1 0.77904 0.5 0.78473 0.5
0.18417 0.079249 0 1 0.78003 0.5 0.78571 0.5
0.18521 0.079207 0 1 0.78102 0.5 0.7867 0.5
0.18625 0.079164 0 1 0.78201 0.5 0.78769 0.5
0.18729 0.079122 0 1 0.783 0.5 0.78868 0.5
0.18833 0.07908 0 1 0.78398 0.5 0.78967 0.5
0.18937 0.079038 0 1 0.78497 0.5 0.79066 0.5
0.19041 0.078996 0 1 0.78596 0.5 0.79165 0.5
0.19145 0.078953 0 1 0.78695 0.5 0.79263 0.5
0.19249 0.078911 0 1 0.78794 0.5 0.79362 0.5
0.19353 0.078869 0 1 0.78893 0.5 0.79461 0.5
0.19457 0.078827 0 1 0.78992 0.5 0.7956 0.5
0.19561 0.078785 0 1 0.7909 0.5 0.79659 0.5
0.19665 0.078742 0 1 0.79189 0.5 0.79758 0.5
0.1977 0.0787 0 1 0.79288 0.5 0.79857 0.5
0.19874 0.078658 0 1 0.79387 0.5 0.79955 0.5
0.19978 0.078616 0 1 0.79486 0.5 0.80054 0.5
0.20082 0.078574 0 1 0.79585 0.5 0.80153 0.5
0.20186 0.078531 0 1 0.79684 0.5 0.80252 0.5
0.20289 0.078479 0 1 0.79782 0.5 0.80351 0.5
0.20391 0.078393 0 1 0.79881 0.5 0.8045 0.5
0.20493 0.078307 0 1 0.7998 0.5 0.80549 0.5
0.20595 0.07822 0 1 0.80079 0.5 0.80648 0.5
0.20697 0.078134 0 1 0.80178 0.5 0.80746 0.5
0.20799 0.078048 0 1 0.80277 0.5 0.80845 0.5
0.20901 0.077961 0 1 0.80376 0.5 0.80944 0.5
0.21003 0.077875 0 1 0.80475 0.5 0.81043 0.5
0.21105 0.077789 0 1 0.80573 0.5 0.81142 0.5
0.21207 0.077702 0 1 0.80672 0.5 0.81241 0.5
0.21309 0.077616 0 1 0.80771 0.5 0.8134 0.5
0.21411 0.077529 0 1 0.8087 0.5 0.81438 0.5
0.21512 0.077443 0 1 0.80969 0.5 0.81537 0.5
0.21614 0.077357 0 1 0.81068 0.5 0.81636 0.5
0.21716 0.07727 0 1 0.81167 0.5 0.81735 0.5
0.21818 0.077184 0 1 0.81265 0.5 0.81834 0.5
0.2192 0.077098 0 1 0.81364 0.5 0.81933 0.5
0.22022 0.077011 0 1 0.81463 0.5 0.82032 0.5
0.22124 0.076925 0 1 0.81562 0.5 0.8213 0.5
0.22226 0.076839 0 1 0.81661 0.5 0.82229 0.5
0.22328 0.076752 0 1 0.8176 0.5 0.82328 0.5
0.22429 0.076627 0 1 0.81859 0.5 0.82427 0.5
0.2253 0.076487 0 1 0.81957 0.5 0.82526 0.5
0.2263 0.076348 0 1 0.82056 0.5 0.82625 0.5
0.22731 0.076208 0 1 0.82155 0.5 0.82724 0.5
0.22832 0.076068 0 1 0.82254 0.5 0.82823 0.5
0.22933 0.075928 0 1 0.82353 0.5 0.82921 0.5
0.23033 0.075788 0 1 0.82452 0.5 0.8302 0.5
0.23134 0.075649 0 1 0.82551 0.5 0.83119 0.5
0.23235 0.075509 0 1 0.8265 0.5 0.83218 0.5
0.23335 0.075369 0 1 0.82748 0.5 0.83317 0.5
0.23436 0.075229 0 1 0.82847 0.5 0.83416 0.5
0.23537 0.075089 0 1 0.82946 0.5 0.83515 0.5
0.23638 0.07495 0 1 0.83045 0.5 0.83613 0.5
0.23738 0.07481 0 1 0.83144 0.5 0.83712 0.5
0.23839 0.07467 0 1 0.83243 0.5 0.83811 0.5
0.2394 0.07453 0 1 0.83342 0.5 0.8391 0.5
0.2404 0.07439 0 1 0.8344 0.5 0.84009 0.5
0.24141 0.07425 0 1 0.83539 0.5 0.84108 0.5
0.24242 0.074111 0 1 0.83638 0.5 0.84207 0.5
0.24343 0.07397 0 1 0.83737 0.5 0.84305 0.5
0.24446 0.073763 0 1 0.83836 0.5 0.84404 0.5
0.2455 0.073556 0 1 0.83935 0.5 0.84503 0.5
0.24654 0.07335 0 1 0.84034 0.5 0.84602 0.5
0.24758 0.073143 0 1 0.84132 0.5 0.84701 0.5
0.24861 0.072936 0 1 0.84231 0.5 0.848 0.5
0.24965 0.07273 0 1 0.8433 0.5 0.84899 0.5
0.25069 0.072523 0 1 0.84429 0.5 0.84997 0.5
0.25173 0.072316 0 1 0.84528 0.5 0.85096 0.5
0.25276 0.07211 0 1 0.84627 0.5 0.85195 0.5
0.2538 0.071903 0 1 0.84726 0.5 0.85294 0.5
0.25484 0.071697 0 1 0.84824 0.5 0.85393 0.5
0.25587 0.07149 0 1 0.84923 0.5 0.85492 0.5
0.25691 0.071283 0 1 0.85022 0.5 0.85591 0.5
0.25795 0.071077 0 1 0.85121 0.5 0.8569 0.5
0.25899 0.07087 0 1 0.8522 0.5 0.85788 0.5
0.26002 0.070663 0 1 0.85319 0.5 0.85887 0.5
0.26106 0.070457 0 1 0.85418 0.5 0.85986 0.5
0.2621 0.07025 0 1 0.85517 0.5 0.86085 0.5
0.26315 0.070033 0 1 0.85615 0.5 0.86184 0.5
0.26433 0.069742 0 1 0.85714 0.5 0.86283 0.5
0.2655 0.06945 0 1 0.85813 0.5 0.86382 0.5
0.26668 0.069158 0 1 0.85912 0.5 0.8648 0.5
0.26785 0.068866 0 1 0.86011 0.5 0.86579 0.5
0.26902 0.068574 0 1 0.8611 0.5 0.86678 0.5
0.2702 0.068282 0 1 0.86209 0.5 0.86777 0.5
0.27137 0.06799 0 1 0.86307 0.5 0.86876 0.5
0.27255 0.067698 0 1 0.86406 0.5 0.86975 0.5
0.27372 0.067406 0 1 0.86505 0.5 0.87074 0.5
0.2749 0.067115 0 1 0.86604 0.5 0.87172 0.5
0.27607 0.066823 0 1 0.86703 0.5 0.87271 0.5
0.27725 0.066531 0 1 0.86802 0.5 0.8737 0.5
0.27842 0.066239 0 1 0.86901 0.5 0.87469 0.5
0.2796 0.065947 0 1 0.86999 0.5 0.87568 0.5
0.28077 0.065655 0 1 0.87098 0.5 0.87667 0.5
0.28195 0.065363 0 1 0.87197 0.5 0.87766 0.5
0.28312 0.065071 0 1 0.87296 0.5 0.87865 0.5
0.2843 0.064776 0 1 0.87395 0.5 0.87963 0.5
0.28583 0.064379 0 1 0.87494 0.5 0.88062 0.5
0.28735 0.063981 0 1 0.87593 0.5 0.88161 0.5
0.28887 0.063583 0 1 0.87692 0.5 0.8826 0.5
0.29039 0.063185 0 1 0.8779 0.5 0.88359 0.5
0.29191 0.062787 0 1 0.87889 0.5 0.88458 0.5
0.29343 0.062389 0 1 0.87988 0.5 0.88557 0.5
0.29495 0.061991 0 1 0.88087 0.5 0.88655 0.5
0.29647 0.061593 0 1 0.88186 0.5 0.88754 0.5
0.29799 0.061196 0 1 0.88285 0.5 0.88853 0.5
0.29951 0.060798 0 1 0.88384 0.5 0.88952 0.5
0.30103 0.0604 0 1 0.88482 0.5 0.89051 0.5
0.30255 0.060002 0 1 0.88581 0.5 0.8915 0.5
0.30407 0.059604 0 1 0.8868 0.5 0.89249 0.5
0.30559 0.059206 0 1 0.88779 0.5 0.89347 0.5
0.30711 0.058808 0 1 0.88878 0.5 0.89446 0.5
0.30864 0.05841 0 1 0.88977 0.5 0.89545 0.5
0.31016 0.058013 0 1 0.89076 0.5 0.89644 0.5
0.31219 0.057523 0 1 0.89174 0.5 0.89743 0.5
0.3144 0.057004 0 1 0.89273 0.5 0.89842 0.5
0.3166 0.056486 0 1 0.89372 0.5 0.89941 0.5
0.3188 0.055967 0 1 0.89471 0.5 0.9004 0.5
0.321 0.055448 0 1 0.8957 0.5 0.90138 0.5
0.3232 0.05493 0 1 0.89669 0.5 0.90237 0.5
0.3254 0.054411 0 1 0.89768 0.5 0.90336 0.5
0.3276 0.053893 0 1 0.89867 0.5 0.90435 0.5
0.3298 0.053374 0 1 0.89965 0.5 0.90534 0.5
0.332 0.052855 0 1 0.90064 0.5 0.90633 0.5
0.3342 0.052337 0 1 0.90163 0.5 0.90732 0.5
0.33641 0.051818 0 1 0.90262 0.5 0.9083 0.5
0.33861 0.0513 0 1 0.90361 0.5 0.90929 0.5
0.34081 0.050781 0 1 0.9046 0.5 0.91028 0.5
0.34301 0.050262 0 1 0.90559 0.5 0.91127 0.5
0.34521 0.049744 0 1 0.90657 0.5 0.91226 0.5
0.34775 0.04919 0 1 0.90756 0.5 0.91325 0.5
0.35107 0.048555 0 1 0.90855 0.5 0.91424 0.5
0.35439 0.047921 0 1 0.90954 0.5 0.91522 0.5
0.35771 0.047286 0 1 0.91053 0.5 0.91621 0.5
0.36103 0.046651 0 1 0.91152 0.5 0.9172 0.5
0.36435 0.046017 0 1 0.91251 0.5 0.91819 0.5
0.36767 0.045382 0 1 0.91349 0.5 0.91918 0.5
0.37099 0.044747 0 1 0.91448 0.5 0.92017 0.5
0.37431 0.044113 0 1 0.91547 0.5 0.92116 0.5
0.37763 0.043478 0 1 0.91646 0.5 0.92214 0.5
0.38095 0.042843 0 1 0.91745 0.5 0.92313 0.5
0.38427 0.042209 0 1 0.91844 0.5 0.92412 0.5
0.38759 0.041574 0 1 0.91943 0.5 0.92511 0.5
0.39091 0.040939 0 1 0.92041 0.5 0.9261 0.5
0.39423 0.040305 0 1 0.9214 0.5 0.92709 0.5
0.39755 0.03967 0 1 0.92239 0.5 0.92808 0.5
0.4019 0.038983 0 1 0.92338 0.5 0.92907 0.5
0.40678 0.038269 0 1 0.92437 0.5 0.93005 0.5
0.41167 0.037555 0 1 0.92536 0.5 0.93104 0.5
0.41656 0.036841 0 1 0.92635 0.5 0.93203 0.5
0.42144 0.036127 0 1 0.92734 0.5 0.93302 0.5
0.42633 0.035413 0 1 0.92832 0.5 0.93401 0.5
0.43122 0.034699 0 1 0.92931 0.5 0.935 0.5
0.4361 0.033985 0 1 0.9303 0.5 0.93599 0.5
0.44099 0.033272 0 1 0.93129 0.5 0.93697 0.5
0.44588 0.032557 0 1 0.93228 0.5 0.93796 0.5
0.45076 0.031844 0 1 0.93327 0.5 0.93895 0.5
0.45565 0.03113 0 1 0.93426 0.5 0.93994 0.5
0.46054 0.030416 0 1 0.93524 0.5 0.94093 0.5
0.46542 0.029702 0 1 0.93623 0.5 0.94192 0.5
0.47031 0.028988 0 1 0.93722 0.5 0.94291 0.5
0.4767 0.028267 0 1 0.93821 0.5 0.94389 0.5
0.48346 0.027544 0 1 0.9392 0.5 0.94488 0.5
0.49022 0.026821 0 1 0.94019 0.5 0.94587 0.5
0.49698 0.026098 0 1 0.94118 0.5 0.94686 0.5
0.50373 0.025376 0 1 0.94216 0.5 0.94785 0.5
0.51049 0.024653 0 1 0.94315 0.5 0.94884 0.5
0.51725 0.02393 0 1 0.94414 0.5 0.94983 0.5
0.52401 0.023207 0 1 0.94513 0.5 0.95082 0.5
0.53076 0.022485 0 1 0.94612 0.5 0.9518 0.5
0.53752 0.021762 0 1 0.94711 0.5 0.95279 0.5
0.54428 0.021039 0 1 0.9481 0.5 0.95378 0.5
0.55104 0.020316 0 1 0.94909 0.5 0.95477 0.5
0.5578 0.019594 0 1 0.95007 0.5 0.95576 0.5
0.56455 0.018871 0 1 0.95106 0.5 0.95675 0.5
0.57268 0.018207 0 1 0.95205 0.5 0.95774 0.5
0.58131 0.017566 0 1 0.95304 0.5 0.95872 0.5
0.58994 0.016924 0 1 0.95403 0.5 0.95971 0.5
0.59857 0.016282 0 1 0.95502 0.5 0.9607 0.5
0.6072 0.01564 0 1 0.95601 0.5 0.96169 0.5
0.61583 0.014998 0 1 0.95699 0.5 0.96268 0.5
0.62446 0.014356 0 1 0.95798 0.5 0.96367 0.5
0.63308 0.013714 0 1 0.95897 0.5 0.96466 0.5
0.64171 0.013072 0 1 0.95996 0.5 0.96564 0.5
0.65034 0.012431 0 1 0.96095 0.5 0.96663 0.5
0.65897 0.011789 0 1 0.96194 0.5 0.96762 0.5
0.6676 0.011147 0 1 0.96293 0.5 0.96861 0.5
0.67623 0.010505 0 1 0.96391 0.5 0.9696 0.5
0.68548 0.009931 0 1 0.9649 0.5 0.97059 0.5
0.6956 0.0094501 0 1 0.96589 0.5 0.97158 0.5
0.70572 0.0089692 0 1 0.96688 0.5 0.97257 0.5
0.71583 0.0084883 0 1 0.96787 0.5 0.97355 0.5
0.72595 0.0080074 0 1 0.96886 0.5 0.97454 0.5
0.73607 0.0075265 0 1 0.96985 0.5 0.97553 0.5
0.74618 0.0070456 0 1 0.97084 0.5 0.97652 0.5
0.7563 0.0065647 0 1 0.97182 0.5 0.97751 0.5
0.76642 0.0060838 0 1 0.97281 0.5 0.9785 0.5
0.77653 0.0056028 0 1 0.9738 0.5 0.97949 0.5
0.78665 0.005122 0 1 0.97479 0.5 0.98047 0.5
0.79677 0.0046411 0 1 0.97578 0.5 0.98146 0.5
0.80688 0.0041602 0 1 0.97677 0.5 0.98245 0.5
0.81767 0.0038585 0 1 0.97776 0.5 0.98344 0.5
0.82857 0.0035881 0 1 0.97874 0.5 0.98443 0.5
0.83947 0.0033177 0 1 0.97973 0.5 0.98542 0.5
0.85037 0.0030473 0 1 0.98072 0.5 0.98641 0.5
0.86127 0.0027769 0 1 0.98171 0.5 0.98739 0.5
0.87217 0.0025065 0 1 0.9827 0.5 0.98838 0.5
0.88307 0.002236 0 1 0.98369 0.5 0.98937 0.5
0.89397 0.0019656 0 1 0.98468 0.5 0.99036 0.5
0.90486 0.0016952 0 1 0.98566 0.5 0.99135 0.5
0.91576 0.0014248 0 1 0.98665 0.5 0.99234 0.5
0.92666 0.0011544 0 1 0.98764 0.5 0.99333 0.5
nan nan nan 0 0.98863 0.5 0.99432 0.5
