0.00024824 0.039975 0 1 0 0.0056845 0.5 0.5
0.00029557 0.045755 0 1 0.00098863 0.0066732 0.5 0.5
0.00034289 0.051536 0 1 0.0019773 0.0076618 0.5 0.5
0.00039022 0.057317 0 1 0.0029659 0.0086504 0.5 0.5
0.00043754 0.063098 0 1 0.0039545 0.0096391 0.5 0.5
0.00048487 0.068879 0 1 0.0049432 0.010628 0.5 0.5
0.00053219 0.07466 0 1 0.0059318 0.011616 0.5 0.5
0.00057952 0.08044 0 1 0.0069204 0.012605 0.5 0.5
0.00062685 0.086221 0 1 0.007909 0.013594 0.5 0.5
0.00067417 0.092002 0 1 0.0088977 0.014582 0.5 0.5
0.0007215 0.097783 0 1 0.0098863 0.015571 0.5 0.5
0.00076882 0.10356 0 1 0.010875 0.016559 0.5 0.5
0.0008125 0.10917 0 1 0.011864 0.017548 0.5 0.5
0.00083506 0.11374 0 1 0.012852 0.018537 0.5 0.5
0.00085763 0.11831 0 1 0.013841 0.019525 0.5 0.5
0.00088019 0.12289 0 1 0.014829 0.020514 0.5 0.5
0.00090276 0.12746 0 1 0.015818 0.021503 0.5 0.5
0.00092533 0.13203 0 1 0.016807 0.022491 0.5 0.5
0.00094789 0.1366 0 1 0.017795 0.02348 0.5 0.5
0.00097046 0.14118 0 1 0.018784 0.024469 0.5 0.5
0.00099302 0.14575 0 1 0.019773 0.025457 0.5 0.5
0.0010156 0.15032 0 1 0.020761 0.026446 0.5 0.5
0.0010382 0.1549 0 1 0.02175 0.027434 0.5 0.5
0.0010607 0.15947 0 1 0.022739 0.028423 0.5 0.5
0.0010833 0.16404 0 1 0.023727 0.029412 0.5 0.5
0.0010635 0.16795 0 1 0.024716 0.0304 0.5 0.5
0.0010128 0.17136 0 1 0.025704 0.031389 0.5 0.5
0.00096203 0.17478 0 1 0.026693 0.032378 0.5 0.5
0.00091129 0.1782 0 1 0.027682 0.033366 0.5 0.5
0.00086055 0.18161 0 1 0.02867 0.034355 0.5 0.5
0.0008098 0.18503 0 1 0.029659 0.035343 0.5 0.5
0.00075906 0.18845 0 1 0.030648 0.036332 0.5 0.5
0.00070832 0.19186 0 1 0.031636 0.037321 0.5 0.5
0.00065757 0.19528 0 1 0.032625 0.038309 0.5 0.5
0.00060683 0.1987 0 1 0.033613 0.039298 0.5 0.5
0.00055609 0.20211 0 1 0.034602 0.040287 0.5 0.5
0.00050535 0.20553 0 1 0.035591 0.041275 0.5 0.5
0.0004546 0.20895 0 1 0.036579 0.042264 0.5 0.5
0.00037991 0.2121 0 1 0.037568 0.043253 0.5 0.5
0.00023938 0.21454 0 1 0.038557 0.044241 0.5 0.5
9.8859e-05 0.21698 0 1 0.039545 0.04523 0.5 0.5
-4.1667e-05 0.21942 0 1 0.040534 0.046218 0.5 0.5
-0.00018219 0.22185 0 1 0.041522 0.047207 0.5 0.5
-0.00032272 0.22429 0 1 0.042511 0.048196 0.5 0.5
-0.00046324 0.22673 0 1 0.0435 0.049184 0.5 0.5
-0.00060377 0.22917 0 1 0.044488 0.050173 0.5 0.5
-0.00074429 0.2316 0 1 0.045477 0.051162 0.5 0.5
-0.00088482 0.23404 0 1 0.046466 0.05215 0.5 0.5
-0.0010253 0.23648 0 1 0.047454 0.053139 0.5 0.5
-0.0011659 0.23892 0 1 0.048443 0.054127 0.5 0.5
-0.0013064 0.24135 0 1 0.049432 0.055116 0.5 0.5
-0.0014469 0.24379 0 1 0.05042 0.056105 0.5 0.5
-0.0016024 0.24609 0 1 0.051409 0.057093 0.5 0.5
-0.0018197 0.2478 0 1 0.052397 0.058082 0.5 0.5
-0.002037 0.24952 0 1 0.053386 0.059071 0.5 0.5
-0.0022542 0.25123 0 1 0.054375 0.060059 0.5 0.5
-0.0024715 0.25294 0 1 0.055363 0.061048 0.5 0.5
-0.0026888 0.25466 0 1 0.056352 0.062036 0.5 0.5
-0.0029061 0.25637 0 1 0.057341 0.063025 0.5 0.5
-0.0031234 0.25809 0 1 0.058329 0.064014 0.5 0.5
-0.0033407 0.2598 0 1 0.059318 0.065002 0.5 0.5
-0.003558 0.26151 0 1 0.060306 0.065991 0.5 0.5
-0.0037753 0.26323 0 1 0.061295 0.06698 0.5 0.5
-0.0039926 0.26494 0 1 0.062284 0.067968 0.5 0.5
-0.0042099 0.26666 0 1 0.063272 0.068957 0.5 0.5
-0.0044272 0.26837 0 1 0.064261 0.069946 0.5 0.5
-0.0046445 0.27008 0 1 0.06525 0.070934 0.5 0.5
-0.004878 0.27163 0 1 0.066238 0.071923 0.5 0.5
-0.0051429 0.27287 0 1 0.067227 0.072911 0.5 0.5
-0.0054078 0.2741 0 1 0.068216 0.0739 0.5 0.5
-0.0056727 0.27533 0 1 0.069204 0.074889 0.5 0.5
-0.0059376 0.27656 0 1 0.070193 0.075877 0.5 0.5
-0.0062025 0.2778 0 1 0.071181 0.076866 0.5 0.5
-0.0064674 0.27903 0 1 0.07217 0.077855 0.5 0.5
-0.0067323 0.28026 0 1 0.073159 0.078843 0.5 0.5
-0.0069972 0.28149 0 1 0.074147 0.079832 0.5 0.5
-0.0072621 0.28273 0 1 0.075136 0.08082 0.5 0.5
-0.007527 0.28396 0 1 0.076125 0.081809 0.5 0.5
-0.0077919 0.28519 0 1 0.077113 0.082798 0.5 0.5
-0.0080568 0.28643 0 1 0.078102 0.083786 0.5 0.5
-0.0083217 0.28766 0 1 0.07909 0.084775 0.5 0.5
-0.0085866 0.28889 0 1 0.080079 0.085764 0.5 0.5
-0.0088514 0.29012 0 1 0.081068 0.086752 0.5 0.5
-0.0091283 0.29113 0 1 0.082056 0.087741 0.5 0.5
-0.0094104 0.29205 0 1 0.083045 0.08873 0.5 0.5
-0.0096925 0.29296 0 1 0.084034 0.089718 0.5 0.5
-0.0099747 0.29388 0 1 0.085022 0.090707 0.5 0.5
-0.010257 0.29479 0 1 0.086011 0.091695 0.5 0.5
-0.010539 0.2957 0 1 0.086999 0.092684 0.5 0.5
-0.010821 0.29662 0 1 0.087988 0.093673 0.5 0.5
-0.011103 0.29753 0 1 0.088977 0.094661 0.5 0.5
-0.011385 0.29844 0 1 0.089965 0.09565 0.5 0.5
-0.011667 0.29936 0 1 0.090954 0.096639 0.5 0.5
-0.01195 0.30027 0 1 0.091943 0.097627 0.5 0.5
-0.012232 0.30118 0 1 0.092931 0.098616 0.5 0.5
-0.012514 0.3021 0 1 0.09392 0.099604 0.5 0.5
-0.012796 0.30301 0 1 0.094909 0.10059 0.5 0.5
-0.013078 0.30393 0 1 0.095897 0.10158 0.5 0.5
-0.01336 0.30484 0 1 0.096886 0.10257 0.5 0.5
-0.013641 0.30569 0 1 0.097874 0.10356 0.5 0.5
-0.013917 0.30636 0 1 0.098863 0.10455 0.5 0.5
-0.014194 0.30702 0 1 0.099852 0.10554 0.5 0.5
-0.014471 0.30768 0 1 0.10084 0.10652 0.5 0.5
-0.014747 0.30835 0 1 0.10183 0.10751 0.5 0.5
-0.015024 0.30901 0 1 0.10282 0.1085 0.5 0.5
-0.0153 0.30968 0 1 0.10381 0.10949 0.5 0.5
-0.015577 0.31034 0 1 0.10479 0.11048 0.5 0.5
-0.015853 0.311 0 1 0.10578 0.11147 0.5 0.5
-0.01613 0.31167 0 1 0.10677 0.11246 0.5 0.5
-0.016407 0.31233 0 1 0.10776 0.11345 0.5 0.5
-0.016683 0.31299 0 1 0.10875 0.11443 0.5 0.5
-0.01696 0.31366 0 1 0.10974 0.11542 0.5 0.5
-0.017236 0.31432 0 1 0.11073 0.11641 0.5 0.5
-0.017513 0.31499 0 1 0.11172 0.1174 0.5 0.5
-0.017789 0.31565 0 1 0.1127 0.11839 0.5 0.5
-0.018066 0.31631 0 1 0.11369 0.11938 0.5 0.5
-0.018342 0.31698 0 1 0.11468 0.12037 0.5 0.5
-0.0186 0.3174 0 1 0.11567 0.12135 0.5 0.5
-0.018857 0.31782 0 1 0.11666 0.12234 0.5 0.5
-0.019113 0.31824 0 1 0.11765 0.12333 0.5 0.5
-0.01937 0.31866 0 1 0.11864 0.12432 0.5 0.5
-0.019627 0.31908 0 1 0.11962 0.12531 0.5 0.5
-0.019884 0.31951 0 1 0.12061 0.1263 0.5 0.5
-0.020141 0.31993 0 1 0.1216 0.12729 0.5 0.5
-0.020397 0.32035 0 1 0.12259 0.12827 0.5 0.5
-0.020654 0.32077 0 1 0.12358 0.12926 0.5 0.5
-0.020911 0.32119 0 1 0.12457 0.13025 0.5 0.5
-0.021168 0.32161 0 1 0.12556 0.13124 0.5 0.5
-0.021425 0.32203 0 1 0.12654 0.13223 0.5 0.5
-0.021681 0.32245 0 1 0.12753 0.13322 0.5 0.5
-0.021938 0.32287 0 1 0.12852 0.13421 0.5 0.5
-0.022195 0.32329 0 1 0.12951 0.1352 0.5 0.5
-0.022452 0.32371 0 1 0.1305 0.13618 0.5 0.5
-0.022708 0.32413 0 1 0.13149 0.13717 0.5 0.5
-0.022965 0.32455 0 1 0.13248 0.13816 0.5 0.5
-0.023197 0.32474 0 1 0.13347 0.13915 0.5 0.5
-0.023425 0.3249 0 1 0.13445 0.14014 0.5 0.5
-0.023654 0.32505 0 1 0.13544 0.14113 0.5 0.5
-0.023882 0.32521 0 1 0.13643 0.14212 0.5 0.5
-0.024111 0.32537 0 1 0.13742 0.1431 0.5 0.5
-0.024339 0.32553 0 1 0.13841 0.14409 0.5 0.5
-0.024568 0.32569 0 1 0.1394 0.14508 0.5 0.5
-0.024796 0.32585 0 1 0.14039 0.14607 0.5 0.5
-0.025025 0.32601 0 1 0.14137 0.14706 0.5 0.5
-0.025253 0.32617 0 1 0.14236 0.14805 0.5 0.5
-0.025482 0.32632 0 1 0.14335 0.14904 0.5 0.5
-0.02571 0.32648 0 1 0.14434 0.15002 0.5 0.5
-0.025939 0.32664 0 1 0.14533 0.15101 0.5 0.5
-0.026167 0.3268 0 1 0.14632 0.152 0.5 0.5
-0.026396 0.32696 0 1 0.14731 0.15299 0.5 0.5
-0.026624 0.32712 0 1 0.14829 0.15398 0.5 0.5
-0.026853 0.32728 0 1 0.14928 0.15497 0.5 0.5
-0.027081 0.32744 0 1 0.15027 0.15596 0.5 0.5
-0.02731 0.3276 0 1 0.15126 0.15695 0.5 0.5
-0.027433 0.32748 0 1 0.15225 0.15793 0.5 0.5
-0.027555 0.32736 0 1 0.15324 0.15892 0.5 0.5
-0.027677 0.32724 0 1 0.15423 0.15991 0.5 0.5
-0.027799 0.32712 0 1 0.15521 0.1609 0.5 0.5
-0.027921 0.327 0 1 0.1562 0.16189 0.5 0.5
-0.028043 0.32688 0 1 0.15719 0.16288 0.5 0.5
-0.028165 0.32676 0 1 0.15818 0.16387 0.5 0.5
-0.028287 0.32665 0 1 0.15917 0.16485 0.5 0.5
-0.028409 0.32653 0 1 0.16016 0.16584 0.5 0.5
-0.028531 0.32641 0 1 0.16115 0.16683 0.5 0.5
-0.028653 0.32629 0 1 0.16214 0.16782 0.5 0.5
-0.028775 0.32617 0 1 0.16312 0.16881 0.5 0.5
-0.028897 0.32605 0 1 0.16411 0.1698 0.5 0.5
-0.029019 0.32593 0 1 0.1651 0.17079 0.5 0.5
-0.029141 0.32581 0 1 0.16609 0.17177 0.5 0.5
-0.029262 0.32569 0 1 0.16708 0.17276 0.5 0.5
-0.029384 0.32557 0 1 0.16807 0.17375 0.5 0.5
-0.029506 0.32545 0 1 0.16906 0.17474 0.5 0.5
-0.029628 0.32533 0 1 0.17004 0.17573 0.5 0.5
-0.02974 0.32514 0 1 0.17103 0.17672 0.5 0.5
-0.029825 0.32474 0 1 0.17202 0.17771 0.5 0.5
-0.029911 0.32435 0 1 0.17301 0.17869 0.5 0.5
-0.029996 0.32396 0 1 0.174 0.17968 0.5 0.5
-0.030082 0.32357 0 1 0.17499 0.18067 0.5 0.5
-0.030167 0.32317 0 1 0.17598 0.18166 0.5 0.5
-0.030252 0.32278 0 1 0.17696 0.18265 0.5 0.5
-0.030338 0.32239 0 1 0.17795 0.18364 0.5 0.5
-0.030423 0.322 0 1 0.17894 0.18463 0.5 0.5
-0.030508 0.3216 0 1 0.17993 0.18562 0.5 0.5
-0.030594 0.32121 0 1 0.18092 0.1866 0.5 0.5
-0.030679 0.32082 0 1 0.18191 0.18759 0.5 0.5
-0.030764 0.32043 0 1 0.1829 0.18858 0.5 0.5
-0.03085 0.32003 0 1 0.18389 0.18957 0.5 0.5
-0.030935 0.31964 0 1 0.18487 0.19056 0.5 0.5
-0.03102 0.31925 0 1 0.18586 0.19155 0.5 0.5
-0.031106 0.31886 0 1 0.18685 0.19254 0.5 0.5
-0.031191 0.31846 0 1 0.18784 0.19352 0.5 0.5
-0.031277 0.31807 0 1 0.18883 0.19451 0.5 0.5
-0.031362 0.31768 0 1 0.18982 0.1955 0.5 0.5
-0.031447 0.31728 0 1 0.19081 0.19649 0.5 0.5
-0.031561 0.31662 0 1 0.19179 0.19748 0.5 0.5
-0.031682 0.31588 0 1 0.19278 0.19847 0.5 0.5
-0.031804 0.31514 0 1 0.19377 0.19946 0.5 0.5
-0.031925 0.3144 0 1 0.19476 0.20044 0.5 0.5
-0.032046 0.31366 0 1 0.19575 0.20143 0.5 0.5
-0.032168 0.31292 0 1 0.19674 0.20242 0.5 0.5
-0.032289 0.31219 0 1 0.19773 0.20341 0.5 0.5
-0.03241 0.31145 0 1 0.19871 0.2044 0.5 0.5
-0.032532 0.31071 0 1 0.1997 0.20539 0.5 0.5
-0.032653 0.30997 0 1 0.20069 0.20638 0.5 0.5
-0.032775 0.30923 0 1 0.20168 0.20737 0.5 0.5
-0.032896 0.30849 0 1 0.20267 0.20835 0.5 0.5
-0.033017 0.30775 0 1 0.20366 0.20934 0.5 0.5
-0.033139 0.30701 0 1 0.20465 0.21033 0.5 0.5
-0.03326 0.30627 0 1 0.20564 0.21132 0.5 0.5
-0.033381 0.30553 0 1 0.20662 0.21231 0.5 0.5
-0.033503 0.30479 0 1 0.20761 0.2133 0.5 0.5
-0.033624 0.30405 0 1 0.2086 0.21429 0.5 0.5
-0.033746 0.30331 0 1 0.20959 0.21527 0.5 0.5
-0.033867 0.30258 0 1 0.21058 0.21626 0.5 0.5
-0.033988 0.30184 0 1 0.21157 0.21725 0.5 0.5
-0.034098 0.30098 0 1 0.21256 0.21824 0.5 0.5
-0.034196 0.3 0 1 0.21354 0.21923 0.5 0.5
-0.034294 0.29903 0 1 0.21453 0.22022 0.5 0.5
-0.034392 0.29806 0 1 0.21552 0.22121 0.5 0.5
-0.03449 0.29709 0 1 0.21651 0.22219 0.5 0.5
-0.034587 0.29612 0 1 0.2175 0.22318 0.5 0.5
-0.034685 0.29514 0 1 0.21849 0.22417 0.5 0.5
-0.034783 0.29417 0 1 0.21948 0.22516 0.5 0.5
-0.034881 0.2932 0 1 0.22046 0.22615 0.5 0.5
-0.034979 0.29223 0 1 0.22145 0.22714 0.5 0.5
-0.035077 0.29125 0 1 0.22244 0.22813 0.5 0.5
-0.035175 0.29028 0 1 0.22343 0.22912 0.5 0.5
-0.035273 0.28931 0 1 0.22442 0.2301 0.5 0.5
-0.035371 0.28834 0 1 0.22541 0.23109 0.5 0.5
-0.035469 0.28737 0 1 0.2264 0.23208 0.5 0.5
-0.035567 0.28639 0 1 0.22738 0.23307 0.5 0.5
-0.035665 0.28542 0 1 0.22837 0.23406 0.5 0.5
-0.035763 0.28445 0 1 0.22936 0.23505 0.5 0.5
-0.035861 0.28348 0 1 0.23035 0.23604 0.5 0.5
-0.035959 0.2825 0 1 0.23134 0.23702 0.5 0.5
-0.036057 0.28153 0 1 0.23233 0.23801 0.5 0.5
-0.036155 0.28056 0 1 0.23332 0.239 0.5 0.5
-0.036244 0.27952 0 1 0.23431 0.23999 0.5 0.5
-0.036324 0.27841 0 1 0.23529 0.24098 0.5 0.5
-0.036404 0.2773 0 1 0.23628 0.24197 0.5 0.5
-0.036484 0.27619 0 1 0.23727 0.24296 0.5 0.5
-0.036564 0.27509 0 1 0.23826 0.24394 0.5 0.5
-0.036644 0.27398 0 1 0.23925 0.24493 0.5 0.5
-0.036724 0.27287 0 1 0.24024 0.24592 0.5 0.5
-0.036803 0.27176 0 1 0.24123 0.24691 0.5 0.5
-0.036883 0.27065 0 1 0.24221 0.2479 0.5 0.5
-0.036963 0.26954 0 1 0.2432 0.24889 0.5 0.5
-0.037043 0.26844 0 1 0.24419 0.24988 0.5 0.5
-0.037123 0.26733 0 1 0.24518 0.25086 0.5 0.5
-0.037203 0.26622 0 1 0.24617 0.25185 0.5 0.5
-0.037283 0.26511 0 1 0.24716 0.25284 0.5 0.5
-0.037363 0.264 0 1 0.24815 0.25383 0.5 0.5
-0.037443 0.26289 0 1 0.24913 0.25482 0.5 0.5
-0.037523 0.26179 0 1 0.25012 0.25581 0.5 0.5
-0.037603 0.26068 0 1 0.25111 0.2568 0.5 0.5
-0.037683 0.25957 0 1 0.2521 0.25779 0.5 0.5
-0.037763 0.25846 0 1 0.25309 0.25877 0.5 0.5
-0.037843 0.25735 0 1 0.25408 0.25976 0.5 0.5
-0.037923 0.25624 0 1 0.25507 0.26075 0.5 0.5
-0.038003 0.25514 0 1 0.25606 0.26174 0.5 0.5
-0.038074 0.25399 0 1 0.25704 0.26273 0.5 0.5
-0.038143 0.25283 0 1 0.25803 0.26372 0.5 0.5
-0.038212 0.25168 0 1 0.25902 0.26471 0.5 0.5
-0.038281 0.25052 0 1 0.26001 0.26569 0.5 0.5
-0.038349 0.24936 0 1 0.261 0.26668 0.5 0.5
-0.038418 0.24821 0 1 0.26199 0.26767 0.5 0.5
-0.038487 0.24705 0 1 0.26298 0.26866 0.5 0.5
-0.038556 0.24589 0 1 0.26396 0.26965 0.5 0.5
-0.038625 0.24474 0 1 0.26495 0.27064 0.5 0.5
-0.038693 0.24358 0 1 0.26594 0.27163 0.5 0.5
-0.038762 0.24242 0 1 0.26693 0.27261 0.5 0.5
-0.038831 0.24127 0 1 0.26792 0.2736 0.5 0.5
-0.0389 0.24011 0 1 0.26891 0.27459 0.5 0.5
-0.038969 0.23895 0 1 0.2699 0.27558 0.5 0.5
-0.039037 0.23779 0 1 0.27088 0.27657 0.5 0.5
-0.039106 0.23664 0 1 0.27187 0.27756 0.5 0.5
-0.039175 0.23548 0 1 0.27286 0.27855 0.5 0.5
-0.039244 0.23432 0 1 0.27385 0.27954 0.5 0.5
-0.039313 0.23317 0 1 0.27484 0.28052 0.5 0.5
-0.039381 0.23201 0 1 0.27583 0.28151 0.5 0.5
-0.03945 0.23085 0 1 0.27682 0.2825 0.5 0.5
-0.039519 0.2297 0 1 0.27781 0.28349 0.5 0.5
-0.039588 0.22854 0 1 0.27879 0.28448 0.5 0.5
-0.039655 0.22739 0 1 0.27978 0.28547 0.5 0.5
-0.039718 0.22625 0 1 0.28077 0.28646 0.5 0.5
-0.039782 0.22511 0 1 0.28176 0.28744 0.5 0.5
-0.039846 0.22398 0 1 0.28275 0.28843 0.5 0.5
-0.03991 0.22284 0 1 0.28374 0.28942 0.5 0.5
-0.039973 0.2217 0 1 0.28473 0.29041 0.5 0.5
-0.040037 0.22056 0 1 0.28571 0.2914 0.5 0.5
-0.040101 0.21942 0 1 0.2867 0.29239 0.5 0.5
-0.040165 0.21828 0 1 0.28769 0.29338 0.5 0.5
-0.040228 0.21715 0 1 0.28868 0.29436 0.5 0.5
-0.040292 0.21601 0 1 0.28967 0.29535 0.5 0.5
-0.040356 0.21487 0 1 0.29066 0.29634 0.5 0.5
-0.040419 0.21373 0 1 0.29165 0.29733 0.5 0.5
-0.040483 0.21259 0 1 0.29263 0.29832 0.5 0.5
-0.040547 0.21145 0 1 0.29362 0.29931 0.5 0.5
-0.040611 0.21032 0 1 0.29461 0.3003 0.5 0.5
-0.040674 0.20918 0 1 0.2956 0.30129 0.5 0.5
-0.040738 0.20804 0 1 0.29659 0.30227 0.5 0.5
-0.040802 0.2069 0 1 0.29758 0.30326 0.5 0.5
-0.040866 0.20576 0 1 0.29857 0.30425 0.5 0.5
-0.040929 0.20463 0 1 0.29956 0.30524 0.5 0.5
-0.040993 0.20349 0 1 0.30054 0.30623 0.5 0.5
-0.041057 0.20235 0 1 0.30153 0.30722 0.5 0.5
-0.04112 0.20121 0 1 0.30252 0.30821 0.5 0.5
-0.041184 0.20009 0 1 0.30351 0.30919 0.5 0.5
-0.041247 0.19901 0 1 0.3045 0.31018 0.5 0.5
-0.04131 0.19793 0 1 0.30549 0.31117 0.5 0.5
-0.041373 0.19685 0 1 0.30648 0.31216 0.5 0.5
-0.041436 0.19577 0 1 0.30746 0.31315 0.5 0.5
-0.041498 0.19469 0 1 0.30845 0.31414 0.5 0.5
-0.041561 0.19361 0 1 0.30944 0.31513 0.5 0.5
-0.041624 0.19253 0 1 0.31043 0.31611 0.5 0.5
-0.041687 0.19145 0 1 0.31142 0.3171 0.5 0.5
-0.04175 0.19036 0 1 0.31241 0.31809 0.5 0.5
-0.041813 0.18928 0 1 0.3134 0.31908 0.5 0.5
-0.041876 0.1882 0 1 0.31438 0.32007 0.5 0.5
-0.041939 0.18712 0 1 0.31537 0.32106 0.5 0.5
-0.042002 0.18604 0 1 0.31636 0.32205 0.5 0.5
-0.042065 0.18496 0 1 0.31735 0.32303 0.5 0.5
-0.042128 0.18388 0 1 0.31834 0.32402 0.5 0.5
-0.042191 0.1828 0 1 0.31933 0.32501 0.5 0.5
-0.042253 0.18172 0 1 0.32032 0.326 0.5 0.5
-0.042316 0.18063 0 1 0.3213 0.32699 0.5 0.5
-0.042379 0.17955 0 1 0.32229 0.32798 0.5 0.5
-0.042442 0.17847 0 1 0.32328 0.32897 0.5 0.5
-0.042505 0.17739 0 1 0.32427 0.32996 0.5 0.5
-0.042568 0.17631 0 1 0.32526 0.33094 0.5 0.5
-0.042631 0.17523 0 1 0.32625 0.33193 0.5 0.5
-0.042694 0.17415 0 1 0.32724 0.33292 0.5 0.5
-0.042758 0.17312 0 1 0.32823 0.33391 0.5 0.5
-0.042823 0.17211 0 1 0.32921 0.3349 0.5 0.5
-0.042887 0.1711 0 1 0.3302 0.33589 0.5 0.5
-0.042951 0.17009 0 1 0.33119 0.33688 0.5 0.5
-0.043016 0.16908 0 1 0.33218 0.33786 0.5 0.5
-0.04308 0.16807 0 1 0.33317 0.33885 0.5 0.5
-0.043145 0.16705 0 1 0.33416 0.33984 0.5 0.5
-0.043209 0.16604 0 1 0.33515 0.34083 0.5 0.5
-0.043274 0.16503 0 1 0.33613 0.34182 0.5 0.5
-0.043338 0.16402 0 1 0.33712 0.34281 0.5 0.5
-0.043403 0.16301 0 1 0.33811 0.3438 0.5 0.5
-0.043467 0.162 0 1 0.3391 0.34478 0.5 0.5
-0.043531 0.16098 0 1 0.34009 0.34577 0.5 0.5
-0.043596 0.15997 0 1 0.34108 0.34676 0.5 0.5
-0.04366 0.15896 0 1 0.34207 0.34775 0.5 0.5
-0.043725 0.15795 0 1 0.34305 0.34874 0.5 0.5
-0.043789 0.15694 0 1 0.34404 0.34973 0.5 0.5
-0.043854 0.15593 0 1 0.34503 0.35072 0.5 0.5
-0.043918 0.15492 0 1 0.34602 0.35171 0.5 0.5
-0.043983 0.1539 0 1 0.34701 0.35269 0.5 0.5
-0.044047 0.15289 0 1 0.348 0.35368 0.5 0.5
-0.044111 0.15188 0 1 0.34899 0.35467 0.5 0.5
-0.044176 0.15087 0 1 0.34998 0.35566 0.5 0.5
-0.04424 0.14986 0 1 0.35096 0.35665 0.5 0.5
-0.044305 0.14885 0 1 0.35195 0.35764 0.5 0.5
-0.044371 0.14788 0 1 0.35294 0.35863 0.5 0.5
-0.044438 0.14693 0 1 0.35393 0.35961 0.5 0.5
-0.044505 0.14599 0 1 0.35492 0.3606 0.5 0.5
-0.044572 0.14504 0 1 0.35591 0.36159 0.5 0.5
-0.044639 0.14409 0 1 0.3569 0.36258 0.5 0.5
-0.044705 0.14314 0 1 0.35788 0.36357 0.5 0.5
-0.044772 0.1422 0 1 0.35887 0.36456 0.5 0.5
-0.044839 0.14125 0 1 0.35986 0.36555 0.5 0.5
-0.044906 0.1403 0 1 0.36085 0.36653 0.5 0.5
-0.044973 0.13935 0 1 0.36184 0.36752 0.5 0.5
-0.04504 0.13841 0 1 0.36283 0.36851 0.5 0.5
-0.045107 0.13746 0 1 0.36382 0.3695 0.5 0.5
-0.045174 0.13651 0 1 0.3648 0.37049 0.5 0.5
-0.045241 0.13557 0 1 0.36579 0.37148 0.5 0.5
-0.045308 0.13462 0 1 0.36678 0.37247 0.5 0.5
-0.045374 0.13367 0 1 0.36777 0.37346 0.5 0.5
-0.045441 0.13272 0 1 0.36876 0.37444 0.5 0.5
-0.045508 0.13178 0 1 0.36975 0.37543 0.5 0.5
-0.045575 0.13083 0 1 0.37074 0.37642 0.5 0.5
-0.045642 0.12988 0 1 0.37173 0.37741 0.5 0.5
-0.045709 0.12893 0 1 0.37271 0.3784 0.5 0.5
-0.045776 0.12799 0 1 0.3737 0.37939 0.5 0.5
-0.045843 0.12704 0 1 0.37469 0.38038 0.5 0.5
-0.04591 0.12609 0 1 0.37568 0.38136 0.5 0.5
-0.045977 0.12514 0 1 0.37667 0.38235 0.5 0.5
-0.046044 0.12421 0 1 0.37766 0.38334 0.5 0.5
-0.046114 0.12331 0 1 0.37865 0.38433 0.5 0.5
-0.046183 0.12241 0 1 0.37963 0.38532 0.5 0.5
-0.046253 0.12152 0 1 0.38062 0.38631 0.5 0.5
-0.046323 0.12062 0 1 0.38161 0.3873 0.5 0.5
-0.046393 0.11972 0 1 0.3826 0.38828 0.5 0.5
-0.046462 0.11883 0 1 0.38359 0.38927 0.5 0.5
-0.046532 0.11793 0 1 0.38458 0.39026 0.5 0.5
-0.046602 0.11703 0 1 0.38557 0.39125 0.5 0.5
-0.046671 0.11613 0 1 0.38655 0.39224 0.5 0.5
-0.046741 0.11524 0 1 0.38754 0.39323 0.5 0.5
-0.046811 0.11434 0 1 0.38853 0.39422 0.5 0.5
-0.04688 0.11344 0 1 0.38952 0.3952 0.5 0.5
-0.04695 0.11255 0 1 0.39051 0.39619 0.5 0.5
-0.04702 0.11165 0 1 0.3915 0.39718 0.5 0.5
-0.04709 0.11075 0 1 0.39249 0.39817 0.5 0.5
-0.047159 0.10986 0 1 0.39347 0.39916 0.5 0.5
-0.047229 0.10896 0 1 0.39446 0.40015 0.5 0.5
-0.047299 0.10806 0 1 0.39545 0.40114 0.5 0.5
-0.047368 0.10717 0 1 0.39644 0.40213 0.5 0.5
-0.047438 0.10627 0 1 0.39743 0.40311 0.5 0.5
-0.047508 0.10537 0 1 0.39842 0.4041 0.5 0.5
-0.047578 0.10448 0 1 0.39941 0.40509 0.5 0.5
-0.047647 0.10358 0 1 0.4004 0.40608 0.5 0.5
-0.047717 0.10268 0 1 0.40138 0.40707 0.5 0.5
-0.047787 0.10178 0 1 0.40237 0.40806 0.5 0.5
-0.047857 0.1009 0 1 0.40336 0.40905 0.5 0.5
-0.047931 0.10004 0 1 0.40435 0.41003 0.5 0.5
-0.048004 0.099181 0 1 0.40534 0.41102 0.5 0.5
-0.048077 0.098321 0 1 0.40633 0.41201 0.5 0.5
-0.04815 0.097461 0 1 0.40732 0.413 0.5 0.5
-0.048223 0.096601 0 1 0.4083 0.41399 0.5 0.5
-0.048296 0.095741 0 1 0.40929 0.41498 0.5 0.5
-0.048369 0.094881 0 1 0.41028 0.41597 0.5 0.5
-0.048442 0.094021 0 1 0.41127 0.41695 0.5 0.5
-0.048515 0.093162 0 1 0.41226 0.41794 0.5 0.5
-0.048588 0.092302 0 1 0.41325 0.41893 0.5 0.5
-0.048661 0.091442 0 1 0.41424 0.41992 0.5 0.5
-0.048735 0.090582 0 1 0.41522 0.42091 0.5 0.5
-0.048808 0.089722 0 1 0.41621 0.4219 0.5 0.5
-0.048881 0.088862 0 1 0.4172 0.42289 0.5 0.5
-0.048954 0.088003 0 1 0.41819 0.42388 0.5 0.5
-0.049027 0.087143 0 1 0.41918 0.42486 0.5 0.5
-0.0491 0.086283 0 1 0.42017 0.42585 0.5 0.5
-0.049173 0.085423 0 1 0.42116 0.42684 0.5 0.5
-0.049246 0.084563 0 1 0.42215 0.42783 0.5 0.5
-0.049319 0.083703 0 1 0.42313 0.42882 0.5 0.5
-0.049392 0.082843 0 1 0.42412 0.42981 0.5 0.5
-0.049466 0.081984 0 1 0.42511 0.4308 0.5 0.5
-0.049539 0.081124 0 1 0.4261 0.43178 0.5 0.5
-0.049612 0.080264 0 1 0.42709 0.43277 0.5 0.5
-0.049685 0.079404 0 1 0.42808 0.43376 0.5 0.5
-0.049751 0.078549 0 1 0.42907 0.43475 0.5 0.5
-0.049783 0.077716 0 1 0.43005 0.43574 0.5 0.5
-0.049815 0.076883 0 1 0.43104 0.43673 0.5 0.5
-0.049846 0.07605 0 1 0.43203 0.43772 0.5 0.5
-0.049878 0.075218 0 1 0.43302 0.4387 0.5 0.5
-0.04991 0.074385 0 1 0.43401 0.43969 0.5 0.5
-0.049941 0.073552 0 1 0.435 0.44068 0.5 0.5
-0.049973 0.07272 0 1 0.43599 0.44167 0.5 0.5
-0.050005 0.071887 0 1 0.43697 0.44266 0.5 0.5
-0.050037 0.071054 0 1 0.43796 0.44365 0.5 0.5
-0.050068 0.070222 0 1 0.43895 0.44464 0.5 0.5
-0.0501 0.069389 0 1 0.43994 0.44563 0.5 0.5
-0.050132 0.068556 0 1 0.44093 0.44661 0.5 0.5
-0.050163 0.067724 0 1 0.44192 0.4476 0.5 0.5
-0.050195 0.066891 0 1 0.44291 0.44859 0.5 0.5
-0.050227 0.066058 0 1 0.4439 0.44958 0.5 0.5
-0.050258 0.065226 0 1 0.44488 0.45057 0.5 0.5
-0.05029 0.064393 0 1 0.44587 0.45156 0.5 0.5
-0.050322 0.06356 0 1 0.44686 0.45255 0.5 0.5
-0.050353 0.062728 0 1 0.44785 0.45353 0.5 0.5
-0.050385 0.061895 0 1 0.44884 0.45452 0.5 0.5
-0.050417 0.061062 0 1 0.44983 0.45551 0.5 0.5
-0.050449 0.06023 0 1 0.45082 0.4565 0.5 0.5
-0.05048 0.059397 0 1 0.4518 0.45749 0.5 0.5
-0.050512 0.058564 0 1 0.45279 0.45848 0.5 0.5
-0.050544 0.057732 0 1 0.45378 0.45947 0.5 0.5
-0.050575 0.056899 0 1 0.45477 0.46045 0.5 0.5
-0.050614 0.056083 0 1 0.45576 0.46144 0.5 0.5
-0.050654 0.055271 0 1 0.45675 0.46243 0.5 0.5
-0.050694 0.05446 0 1 0.45774 0.46342 0.5 0.5
-0.050734 0.053648 0 1 0.45872 0.46441 0.5 0.5
-0.050774 0.052836 0 1 0.45971 0.4654 0.5 0.5
-0.050815 0.052025 0 1 0.4607 0.46639 0.5 0.5
-0.050855 0.051213 0 1 0.46169 0.46737 0.5 0.5
-0.050895 0.050402 0 1 0.46268 0.46836 0.5 0.5
-0.050935 0.04959 0 1 0.46367 0.46935 0.5 0.5
-0.050975 0.048779 0 1 0.46466 0.47034 0.5 0.5
-0.051016 0.047967 0 1 0.46564 0.47133 0.5 0.5
-0.051056 0.047156 0 1 0.46663 0.47232 0.5 0.5
-0.051096 0.046344 0 1 0.46762 0.47331 0.5 0.5
-0.051136 0.045533 0 1 0.46861 0.4743 0.5 0.5
-0.051176 0.044721 0 1 0.4696 0.47528 0.5 0.5
-0.051217 0.04391 0 1 0.47059 0.47627 0.5 0.5
-0.051257 0.043098 0 1 0.47158 0.47726 0.5 0.5
-0.051297 0.042287 0 1 0.47257 0.47825 0.5 0.5
-0.051337 0.041475 0 1 0.47355 0.47924 0.5 0.5
-0.051377 0.040663 0 1 0.47454 0.48023 0.5 0.5
-0.051417 0.039852 0 1 0.47553 0.48122 0.5 0.5
-0.051458 0.03904 0 1 0.47652 0.4822 0.5 0.5
-0.051498 0.038229 0 1 0.47751 0.48319 0.5 0.5
-0.051538 0.037417 0 1 0.4785 0.48418 0.5 0.5
-0.051578 0.036606 0 1 0.47949 0.48517 0.5 0.5
-0.051618 0.035794 0 1 0.48047 0.48616 0.5 0.5
-0.051674 0.034972 0 1 0.48146 0.48715 0.5 0.5
-0.051772 0.034119 0 1 0.48245 0.48814 0.5 0.5
-0.05187 0.033267 0 1 0.48344 0.48912 0.5 0.5
-0.051968 0.032415 0 1 0.48443 0.49011 0.5 0.5
-0.052066 0.031563 0 1 0.48542 0.4911 0.5 0.5
-0.052164 0.030711 0 1 0.48641 0.49209 0.5 0.5
-0.052262 0.029858 0 1 0.48739 0.49308 0.5 0.5
-0.05236 0.029006 0 1 0.48838 0.49407 0.5 0.5
-0.052457 0.028154 0 1 0.48937 0.49506 0.5 0.5
-0.052555 0.027302 0 1 0.49036 0.49605 0.5 0.5
-0.052653 0.02645 0 1 0.49135 0.49703 0.5 0.5
-0.052751 0.025597 0 1 0.49234 0.49802 0.5 0.5
-0.052849 0.024745 0 1 0.49333 0.49901 0.5 0.5
-0.052947 0.023893 0 1 0.49432 0.5 0.5 0.5
-0.053045 0.023041 0 1 0.4953 0.50099 0.5 0.5
-0.053142 0.022189 0 1 0.49629 0.50198 0.5 0.5
-0.05324 0.021336 0 1 0.49728 0.50297 0.5 0.5
-0.053338 0.020484 0 1 0.49827 0.50395 0.5 0.5
-0.053436 0.019632 0 1 0.49926 0.50494 0.5 0.5
-0.053534 0.01878 0 1 0.50025 0.50593 0.5 0.5
-0.053632 0.017928 0 1 0.50124 0.50692 0.5 0.5
-0.05373 0.017075 0 1 0.50222 0.50791 0.5 0.5
-0.053828 0.016223 0 1 0.50321 0.5089 0.5 0.5
-0.053925 0.015371 0 1 0.5042 0.50989 0.5 0.5
-0.054023 0.014519 0 1 0.50519 0.51087 0.5 0.5
-0.054121 0.013666 0 1 0.50618 0.51186 0.5 0.5
-0.054219 0.012814 0 1 0.50717 0.51285 0.5 0.5
-0.054325 0.011959 0 1 0.50816 0.51384 0.5 0.5
-0.054434 0.011103 0 1 0.50914 0.51483 0.5 0.5
-0.054542 0.010246 0 1 0.51013 0.51582 0.5 0.5
-0.054651 0.0093896 0 1 0.51112 0.51681 0.5 0.5
-0.05476 0.0085331 0 1 0.51211 0.5178 0.5 0.5
-0.054869 0.0076767 0 1 0.5131 0.51878 0.5 0.5
-0.054977 0.0068202 0 1 0.51409 0.51977 0.5 0.5
-0.055086 0.0059637 0 1 0.51508 0.52076 0.5 0.5
-0.055195 0.0051073 0 1 0.51607 0.52175 0.5 0.5
-0.055304 0.0042508 0 1 0.51705 0.52274 0.5 0.5
-0.055412 0.0033943 0 1 0.51804 0.52373 0.5 0.5
-0.055521 0.0025378 0 1 0.51903 0.52472 0.5 0.5
-0.05563 0.0016814 0 1 0.52002 0.5257 0.5 0.5
-0.055738 0.00082488 0 1 0.52101 0.52669 0.5 0.5
-0.055847 -3.1571e-05 0 1 0.522 0.52768 0.5 0.5
-0.055956 -0.00088807 0 1 0.52299 0.52867 0.5 0.5
-0.056065 -0.0017445 0 1 0.52397 0.52966 0.5 0.5
-0.056173 -0.002601 0 1 0.52496 0.53065 0.5 0.5
-0.056282 -0.0034575 0 1 0.52595 0.53164 0.5 0.5
-0.056391 -0.004314 0 1 0.52694 0.53262 0.5 0.5
-0.0565 -0.0051704 0 1 0.52793 0.53361 0.5 0.5
-0.056608 -0.0060269 0 1 0.52892 0.5346 0.5 0.5
-0.056717 -0.0068833 0 1 0.52991 0.53559 0.5 0.5
-0.056826 -0.0077398 0 1 0.53089 0.53658 0.5 0.5
-0.056935 -0.0085963 0 1 0.53188 0.53757 0.5 0.5
-0.057043 -0.0094527 0 1 0.53287 0.53856 0.5 0.5
-0.057154 -0.01031 0 1 0.53386 0.53954 0.5 0.5
-0.057272 -0.011172 0 1 0.53485 0.54053 0.5 0.5
-0.05739 -0.012034 0 1 0.53584 0.54152 0.5 0.5
-0.057507 -0.012896 0 1 0.53683 0.54251 0.5 0.5
-0.057625 -0.013757 0 1 0.53781 0.5435 0.5 0.5
-0.057743 -0.014619 0 1 0.5388 0.54449 0.5 0.5
-0.057861 -0.015481 0 1 0.53979 0.54548 0.5 0.5
-0.057978 -0.016343 0 1 0.54078 0.54647 0.5 0.5
-0.058096 -0.017205 0 1 0.54177 0.54745 0.5 0.5
-0.058214 -0.018066 0 1 0.54276 0.54844 0.5 0.5
-0.058332 -0.018928 0 1 0.54375 0.54943 0.5 0.5
-0.05845 -0.01979 0 1 0.54474 0.55042 0.5 0.5
-0.058567 -0.020652 0 1 0.54572 0.55141 0.5 0.5
-0.058685 -0.021513 0 1 0.54671 0.5524 0.5 0.5
-0.058803 -0.022375 0 1 0.5477 0.55339 0.5 0.5
-0.058921 -0.023237 0 1 0.54869 0.55437 0.5 0.5
-0.059038 -0.024099 0 1 0.54968 0.55536 0.5 0.5
-0.059156 -0.02496 0 1 0.55067 0.55635 0.5 0.5
-0.059274 -0.025822 0 1 0.55166 0.55734 0.5 0.5
-0.059392 -0.026684 0 1 0.55264 0.55833 0.5 0.5
-0.059509 -0.027546 0 1 0.55363 0.55932 0.5 0.5
-0.059627 -0.028407 0 1 0.55462 0.56031 0.5 0.5
-0.059745 -0.029269 0 1 0.55561 0.56129 0.5 0.5
-0.059863 -0.030131 0 1 0.5566 0.56228 0.5 0.5
-0.05998 -0.030993 0 1 0.55759 0.56327 0.5 0.5
-0.060098 -0.031854 0 1 0.55858 0.56426 0.5 0.5
-0.060216 -0.032716 0 1 0.55956 0.56525 0.5 0.5
-0.060341 -0.033586 0 1 0.56055 0.56624 0.5 0.5
-0.060467 -0.034457 0 1 0.56154 0.56723 0.5 0.5
-0.060593 -0.035329 0 1 0.56253 0.56822 0.5 0.5
-0.06072 -0.0362 0 1 0.56352 0.5692 0.5 0.5
-0.060846 -0.037071 0 1 0.56451 0.57019 0.5 0.5
-0.060972 -0.037942 0 1 0.5655 0.57118 0.5 0.5
-0.061099 -0.038814 0 1 0.56649 0.57217 0.5 0.5
-0.061225 -0.039685 0 1 0.56747 0.57316 0.5 0.5
-0.061351 -0.040556 0 1 0.56846 0.57415 0.5 0.5
-0.061477 -0.041428 0 1 0.56945 0.57514 0.5 0.5
-0.061604 -0.042299 0 1 0.57044 0.57612 0.5 0.5
-0.06173 -0.04317 0 1 0.57143 0.57711 0.5 0.5
-0.061856 -0.044041 0 1 0.57242 0.5781 0.5 0.5
-0.061983 -0.044913 0 1 0.57341 0.57909 0.5 0.5
-0.062109 -0.045784 0 1 0.57439 0.58008 0.5 0.5
-0.062235 -0.046655 0 1 0.57538 0.58107 0.5 0.5
-0.062361 -0.047527 0 1 0.57637 0.58206 0.5 0.5
-0.062488 -0.048398 0 1 0.57736 0.58304 0.5 0.5
-0.062614 -0.049269 0 1 0.57835 0.58403 0.5 0.5
-0.06274 -0.05014 0 1 0.57934 0.58502 0.5 0.5
-0.062867 -0.051012 0 1 0.58033 0.58601 0.5 0.5
-0.062993 -0.051883 0 1 0.58131 0.587 0.5 0.5
-0.063119 -0.052754 0 1 0.5823 0.58799 0.5 0.5
-0.063245 -0.053626 0 1 0.58329 0.58898 0.5 0.5
-0.063372 -0.054497 0 1 0.58428 0.58997 0.5 0.5
-0.063498 -0.055368 0 1 0.58527 0.59095 0.5 0.5
-0.063629 -0.056249 0 1 0.58626 0.59194 0.5 0.5
-0.063762 -0.057133 0 1 0.58725 0.59293 0.5 0.5
-0.063896 -0.058018 0 1 0.58824 0.59392 0.5 0.5
-0.064029 -0.058903 0 1 0.58922 0.59491 0.5 0.5
-0.064163 -0.059788 0 1 0.59021 0.5959 0.5 0.5
-0.064296 -0.060673 0 1 0.5912 0.59689 0.5 0.5
-0.064429 -0.061558 0 1 0.59219 0.59787 0.5 0.5
-0.064563 -0.062443 0 1 0.59318 0.59886 0.5 0.5
-0.064696 -0.063328 0 1 0.59417 0.59985 0.5 0.5
-0.06483 -0.064212 0 1 0.59516 0.60084 0.5 0.5
-0.064963 -0.065097 0 1 0.59614 0.60183 0.5 0.5
-0.065096 -0.065982 0 1 0.59713 0.60282 0.5 0.5
-0.06523 -0.066867 0 1 0.59812 0.60381 0.5 0.5
-0.065363 -0.067752 0 1 0.59911 0.60479 0.5 0.5
-0.065497 -0.068637 0 1 0.6001 0.60578 0.5 0.5
-0.06563 -0.069522 0 1 0.60109 0.60677 0.5 0.5
-0.065763 -0.070407 0 1 0.60208 0.60776 0.5 0.5
-0.065897 -0.071292 0 1 0.60306 0.60875 0.5 0.5
-0.06603 -0.072176 0 1 0.60405 0.60974 0.5 0.5
-0.066164 -0.073061 0 1 0.60504 0.61073 0.5 0.5
-0.066297 -0.073946 0 1 0.60603 0.61172 0.5 0.5
-0.06643 -0.074831 0 1 0.60702 0.6127 0.5 0.5
-0.066564 -0.075716 0 1 0.60801 0.61369 0.5 0.5
-0.066697 -0.076601 0 1 0.609 0.61468 0.5 0.5
-0.066831 -0.077486 0 1 0.60998 0.61567 0.5 0.5
-0.066964 -0.078371 0 1 0.61097 0.61666 0.5 0.5
-0.067101 -0.079268 0 1 0.61196 0.61765 0.5 0.5
-0.067238 -0.080168 0 1 0.61295 0.61864 0.5 0.5
-0.067376 -0.081069 0 1 0.61394 0.61962 0.5 0.5
-0.067513 -0.081969 0 1 0.61493 0.62061 0.5 0.5
-0.067651 -0.082869 0 1 0.61592 0.6216 0.5 0.5
-0.067788 -0.08377 0 1 0.61691 0.62259 0.5 0.5
-0.067926 -0.08467 0 1 0.61789 0.62358 0.5 0.5
-0.068063 -0.085571 0 1 0.61888 0.62457 0.5 0.5
-0.0682 -0.086471 0 1 0.61987 0.62556 0.5 0.5
-0.068338 -0.087371 0 1 0.62086 0.62654 0.5 0.5
-0.068475 -0.088272 0 1 0.62185 0.62753 0.5 0.5
-0.068613 -0.089172 0 1 0.62284 0.62852 0.5 0.5
-0.06875 -0.090073 0 1 0.62383 0.62951 0.5 0.5
-0.068888 -0.090973 0 1 0.62481 0.6305 0.5 0.5
-0.069025 -0.091874 0 1 0.6258 0.63149 0.5 0.5
-0.069163 -0.092774 0 1 0.62679 0.63248 0.5 0.5
-0.0693 -0.093674 0 1 0.62778 0.63346 0.5 0.5
-0.069438 -0.094575 0 1 0.62877 0.63445 0.5 0.5
-0.069575 -0.095475 0 1 0.62976 0.63544 0.5 0.5
-0.069713 -0.096376 0 1 0.63075 0.63643 0.5 0.5
-0.06985 -0.097276 0 1 0.63173 0.63742 0.5 0.5
-0.069988 -0.098177 0 1 0.63272 0.63841 0.5 0.5
-0.070125 -0.099077 0 1 0.63371 0.6394 0.5 0.5
-0.070262 -0.099977 0 1 0.6347 0.64039 0.5 0.5
-0.0704 -0.10088 0 1 0.63569 0.64137 0.5 0.5
-0.070537 -0.10178 0 1 0.63668 0.64236 0.5 0.5
-0.070674 -0.1027 0 1 0.63767 0.64335 0.5 0.5
-0.070811 -0.10361 0 1 0.63866 0.64434 0.5 0.5
-0.070947 -0.10452 0 1 0.63964 0.64533 0.5 0.5
-0.071084 -0.10544 0 1 0.64063 0.64632 0.5 0.5
-0.071221 -0.10635 0 1 0.64162 0.64731 0.5 0.5
-0.071357 -0.10727 0 1 0.64261 0.64829 0.5 0.5
-0.071494 -0.10818 0 1 0.6436 0.64928 0.5 0.5
-0.071631 -0.10909 0 1 0.64459 0.65027 0.5 0.5
-0.071768 -0.11001 0 1 0.64558 0.65126 0.5 0.5
-0.071904 -0.11092 0 1 0.64656 0.65225 0.5 0.5
-0.072041 -0.11184 0 1 0.64755 0.65324 0.5 0.5
-0.072178 -0.11275 0 1 0.64854 0.65423 0.5 0.5
-0.072314 -0.11366 0 1 0.64953 0.65521 0.5 0.5
-0.072451 -0.11458 0 1 0.65052 0.6562 0.5 0.5
-0.072588 -0.11549 0 1 0.65151 0.65719 0.5 0.5
-0.072725 -0.11641 0 1 0.6525 0.65818 0.5 0.5
-0.072861 -0.11732 0 1 0.65348 0.65917 0.5 0.5
-0.072998 -0.11823 0 1 0.65447 0.66016 0.5 0.5
-0.073135 -0.11915 0 1 0.65546 0.66115 0.5 0.5
-0.073271 -0.12006 0 1 0.65645 0.66214 0.5 0.5
-0.073408 -0.12098 0 1 0.65744 0.66312 0.5 0.5
-0.073545 -0.12189 0 1 0.65843 0.66411 0.5 0.5
-0.073682 -0.1228 0 1 0.65942 0.6651 0.5 0.5
-0.073818 -0.12372 0 1 0.66041 0.66609 0.5 0.5
-0.073954 -0.12463 0 1 0.66139 0.66708 0.5 0.5
-0.074084 -0.12555 0 1 0.66238 0.66807 0.5 0.5
-0.074214 -0.12647 0 1 0.66337 0.66906 0.5 0.5
-0.074345 -0.1274 0 1 0.66436 0.67004 0.5 0.5
-0.074475 -0.12832 0 1 0.66535 0.67103 0.5 0.5
-0.074606 -0.12924 0 1 0.66634 0.67202 0.5 0.5
-0.074736 -0.13016 0 1 0.66733 0.67301 0.5 0.5
-0.074866 -0.13108 0 1 0.66831 0.674 0.5 0.5
-0.074997 -0.132 0 1 0.6693 0.67499 0.5 0.5
-0.075127 -0.13292 0 1 0.67029 0.67598 0.5 0.5
-0.075257 -0.13384 0 1 0.67128 0.67696 0.5 0.5
-0.075388 -0.13476 0 1 0.67227 0.67795 0.5 0.5
-0.075518 -0.13568 0 1 0.67326 0.67894 0.5 0.5
-0.075648 -0.1366 0 1 0.67425 0.67993 0.5 0.5
-0.075779 -0.13752 0 1 0.67523 0.68092 0.5 0.5
-0.075909 -0.13844 0 1 0.67622 0.68191 0.5 0.5
-0.07604 -0.13936 0 1 0.67721 0.6829 0.5 0.5
-0.07617 -0.14028 0 1 0.6782 0.68389 0.5 0.5
-0.0763 -0.1412 0 1 0.67919 0.68487 0.5 0.5
-0.076431 -0.14212 0 1 0.68018 0.68586 0.5 0.5
-0.076561 -0.14304 0 1 0.68117 0.68685 0.5 0.5
-0.076691 -0.14396 0 1 0.68216 0.68784 0.5 0.5
-0.076822 -0.14488 0 1 0.68314 0.68883 0.5 0.5
-0.076952 -0.14581 0 1 0.68413 0.68982 0.5 0.5
-0.077083 -0.14673 0 1 0.68512 0.69081 0.5 0.5
-0.077207 -0.14764 0 1 0.68611 0.69179 0.5 0.5
-0.077328 -0.14856 0 1 0.6871 0.69278 0.5 0.5
-0.077449 -0.14948 0 1 0.68809 0.69377 0.5 0.5
-0.07757 -0.1504 0 1 0.68908 0.69476 0.5 0.5
-0.077691 -0.15131 0 1 0.69006 0.69575 0.5 0.5
-0.077812 -0.15223 0 1 0.69105 0.69674 0.5 0.5
-0.077933 -0.15315 0 1 0.69204 0.69773 0.5 0.5
-0.078054 -0.15407 0 1 0.69303 0.69871 0.5 0.5
-0.078175 -0.15498 0 1 0.69402 0.6997 0.5 0.5
-0.078296 -0.1559 0 1 0.69501 0.70069 0.5 0.5
-0.078418 -0.15682 0 1 0.696 0.70168 0.5 0.5
-0.078539 -0.15774 0 1 0.69698 0.70267 0.5 0.5
-0.07866 -0.15865 0 1 0.69797 0.70366 0.5 0.5
-0.078781 -0.15957 0 1 0.69896 0.70465 0.5 0.5
-0.078902 -0.16049 0 1 0.69995 0.70563 0.5 0.5
-0.079023 -0.16141 0 1 0.70094 0.70662 0.5 0.5
-0.079144 -0.16232 0 1 0.70193 0.70761 0.5 0.5
-0.079265 -0.16324 0 1 0.70292 0.7086 0.5 0.5
-0.079386 -0.16416 0 1 0.7039 0.70959 0.5 0.5
-0.079507 -0.16508 0 1 0.70489 0.71058 0.5 0.5
-0.079628 -0.16599 0 1 0.70588 0.71157 0.5 0.5
-0.079749 -0.16691 0 1 0.70687 0.71256 0.5 0.5
-0.07987 -0.16783 0 1 0.70786 0.71354 0.5 0.5
-0.079991 -0.16875 0 1 0.70885 0.71453 0.5 0.5
-0.08011 -0.16966 0 1 0.70984 0.71552 0.5 0.5
-0.080227 -0.17058 0 1 0.71083 0.71651 0.5 0.5
-0.080345 -0.17149 0 1 0.71181 0.7175 0.5 0.5
-0.080462 -0.1724 0 1 0.7128 0.71849 0.5 0.5
-0.08058 -0.17332 0 1 0.71379 0.71948 0.5 0.5
-0.080697 -0.17423 0 1 0.71478 0.72046 0.5 0.5
-0.080815 -0.17514 0 1 0.71577 0.72145 0.5 0.5
-0.080932 -0.17606 0 1 0.71676 0.72244 0.5 0.5
-0.08105 -0.17697 0 1 0.71775 0.72343 0.5 0.5
-0.081167 -0.17788 0 1 0.71873 0.72442 0.5 0.5
-0.081285 -0.1788 0 1 0.71972 0.72541 0.5 0.5
-0.081402 -0.17971 0 1 0.72071 0.7264 0.5 0.5
-0.08152 -0.18062 0 1 0.7217 0.72738 0.5 0.5
-0.081637 -0.18154 0 1 0.72269 0.72837 0.5 0.5
-0.081755 -0.18245 0 1 0.72368 0.72936 0.5 0.5
-0.081872 -0.18336 0 1 0.72467 0.73035 0.5 0.5
-0.08199 -0.18428 0 1 0.72565 0.73134 0.5 0.5
-0.082107 -0.18519 0 1 0.72664 0.73233 0.5 0.5
-0.082225 -0.1861 0 1 0.72763 0.73332 0.5 0.5
-0.082342 -0.18702 0 1 0.72862 0.73431 0.5 0.5
-0.08246 -0.18793 0 1 0.72961 0.73529 0.5 0.5
-0.082577 -0.18884 0 1 0.7306 0.73628 0.5 0.5
-0.082695 -0.18976 0 1 0.73159 0.73727 0.5 0.5
-0.082792 -0.19067 0 1 0.73258 0.73826 0.5 0.5
-0.08282 -0.19161 0 1 0.73356 0.73925 0.5 0.5
-0.082847 -0.19255 0 1 0.73455 0.74024 0.5 0.5
-0.082874 -0.19349 0 1 0.73554 0.74123 0.5 0.5
-0.082901 -0.19443 0 1 0.73653 0.74221 0.5 0.5
-0.082928 -0.19537 0 1 0.73752 0.7432 0.5 0.5
-0.082955 -0.19631 0 1 0.73851 0.74419 0.5 0.5
-0.082983 -0.19725 0 1 0.7395 0.74518 0.5 0.5
-0.08301 -0.19819 0 1 0.74048 0.74617 0.5 0.5
-0.083037 -0.19913 0 1 0.74147 0.74716 0.5 0.5
-0.083064 -0.20007 0 1 0.74246 0.74815 0.5 0.5
-0.083091 -0.20101 0 1 0.74345 0.74913 0.5 0.5
-0.083118 -0.20195 0 1 0.74444 0.75012 0.5 0.5
-0.083146 -0.20289 0 1 0.74543 0.75111 0.5 0.5
-0.083173 -0.20383 0 1 0.74642 0.7521 0.5 0.5
-0.0832 -0.20477 0 1 0.7474 0.75309 0.5 0.5
-0.083227 -0.20571 0 1 0.74839 0.75408 0.5 0.5
-0.083254 -0.20665 0 1 0.74938 0.75507 0.5 0.5
-0.083282 -0.20759 0 1 0.75037 0.75606 0.5 0.5
-0.083309 -0.20853 0 1 0.75136 0.75704 0.5 0.5
-0.083336 -0.20947 0 1 0.75235 0.75803 0.5 0.5
-0.083363 -0.21041 0 1 0.75334 0.75902 0.5 0.5
-0.08339 -0.21135 0 1 0.75433 0.76001 0.5 0.5
-0.083441 -0.21235 0 1 0.75531 0.761 0.5 0.5
-0.083515 -0.21342 0 1 0.7563 0.76199 0.5 0.5
-0.08359 -0.21448 0 1 0.75729 0.76298 0.5 0.5
-0.083664 -0.21555 0 1 0.75828 0.76396 0.5 0.5
-0.083739 -0.21662 0 1 0.75927 0.76495 0.5 0.5
-0.083813 -0.21768 0 1 0.76026 0.76594 0.5 0.5
-0.083887 -0.21875 0 1 0.76125 0.76693 0.5 0.5
-0.083962 -0.21982 0 1 0.76223 0.76792 0.5 0.5
-0.084036 -0.22088 0 1 0.76322 0.76891 0.5 0.5
-0.084111 -0.22195 0 1 0.76421 0.7699 0.5 0.5
-0.084185 -0.22302 0 1 0.7652 0.77088 0.5 0.5
-0.084259 -0.22408 0 1 0.76619 0.77187 0.5 0.5
-0.084334 -0.22515 0 1 0.76718 0.77286 0.5 0.5
-0.084408 -0.22622 0 1 0.76817 0.77385 0.5 0.5
-0.084483 -0.22728 0 1 0.76915 0.77484 0.5 0.5
-0.084557 -0.22835 0 1 0.77014 0.77583 0.5 0.5
-0.084631 -0.22941 0 1 0.77113 0.77682 0.5 0.5
-0.084706 -0.23048 0 1 0.77212 0.7778 0.5 0.5
-0.08478 -0.23155 0 1 0.77311 0.77879 0.5 0.5
-0.084855 -0.23261 0 1 0.7741 0.77978 0.5 0.5
-0.084929 -0.23368 0 1 0.77509 0.78077 0.5 0.5
-0.085003 -0.23475 0 1 0.77607 0.78176 0.5 0.5
-0.085175 -0.23597 0 1 0.77706 0.78275 0.5 0.5
-0.085448 -0.23735 0 1 0.77805 0.78374 0.5 0.5
-0.085722 -0.23874 0 1 0.77904 0.78473 0.5 0.5
-0.085995 -0.24012 0 1 0.78003 0.78571 0.5 0.5
-0.086269 -0.2415 0 1 0.78102 0.7867 0.5 0.5
-0.086542 -0.24289 0 1 0.78201 0.78769 0.5 0.5
-0.086816 -0.24427 0 1 0.783 0.78868 0.5 0.5
-0.087089 -0.24566 0 1 0.78398 0.78967 0.5 0.5
-0.087363 -0.24704 0 1 0.78497 0.79066 0.5 0.5
-0.087636 -0.24842 0 1 0.78596 0.79165 0.5 0.5
-0.08791 -0.24981 0 1 0.78695 0.79263 0.5 0.5
-0.088183 -0.25119 0 1 0.78794 0.79362 0.5 0.5
-0.088457 -0.25258 0 1 0.78893 0.79461 0.5 0.5
-0.08873 -0.25396 0 1 0.78992 0.7956 0.5 0.5
-0.089004 -0.25534 0 1 0.7909 0.79659 0.5 0.5
-0.089277 -0.25673 0 1 0.79189 0.79758 0.5 0.5
-0.089551 -0.25811 0 1 0.79288 0.79857 0.5 0.5
-0.089824 -0.2595 0 1 0.79387 0.79955 0.5 0.5
-0.090098 -0.26088 0 1 0.79486 0.80054 0.5 0.5
-0.090371 -0.26226 0 1 0.79585 0.80153 0.5 0.5
-0.090645 -0.26365 0 1 0.79684 0.80252 0.5 0.5
-0.090941 -0.26511 0 1 0.79782 0.80351 0.5 0.5
-0.091322 -0.26687 0 1 0.79881 0.8045 0.5 0.5
-0.091702 -0.26863 0 1 0.7998 0.80549 0.5 0.5
-0.092083 -0.27039 0 1 0.80079 0.80648 0.5 0.5
-0.092463 -0.27214 0 1 0.80178 0.80746 0.5 0.5
-0.092843 -0.2739 0 1 0.80277 0.80845 0.5 0.5
-0.093224 -0.27566 0 1 0.80376 0.80944 0.5 0.5
-0.093604 -0.27742 0 1 0.80475 0.81043 0.5 0.5
-0.093985 -0.27918 0 1 0.80573 0.81142 0.5 0.5
-0.094365 -0.28093 0 1 0.80672 0.81241 0.5 0.5
-0.094745 -0.28269 0 1 0.80771 0.8134 0.5 0.5
-0.095126 -0.28445 0 1 0.8087 0.81438 0.5 0.5
-0.095506 -0.28621 0 1 0.80969 0.81537 0.5 0.5
-0.095886 -0.28797 0 1 0.81068 0.81636 0.5 0.5
-0.096267 -0.28972 0 1 0.81167 0.81735 0.5 0.5
-0.096647 -0.29148 0 1 0.81265 0.81834 0.5 0.5
-0.097028 -0.29324 0 1 0.81364 0.81933 0.5 0.5
-0.097408 -0.295 0 1 0.81463 0.82032 0.5 0.5
-0.097788 -0.29675 0 1 0.81562 0.8213 0.5 0.5
-0.098169 -0.29851 0 1 0.81661 0.82229 0.5 0.5
-0.098549 -0.30027 0 1 0.8176 0.82328 0.5 0.5
-0.09899 -0.30234 0 1 0.81859 0.82427 0.5 0.5
-0.099455 -0.30453 0 1 0.81957 0.82526 0.5 0.5
-0.099919 -0.30672 0 1 0.82056 0.82625 0.5 0.5
-0.10038 -0.30891 0 1 0.82155 0.82724 0.5 0.5
-0.10085 -0.3111 0 1 0.82254 0.82823 0.5 0.5
-0.10131 -0.31329 0 1 0.82353 0.82921 0.5 0.5
-0.10178 -0.31548 0 1 0.82452 0.8302 0.5 0.5
-0.10224 -0.31768 0 1 0.82551 0.83119 0.5 0.5
-0.10271 -0.31987 0 1 0.8265 0.83218 0.5 0.5
-0.10317 -0.32206 0 1 0.82748 0.83317 0.5 0.5
-0.10363 -0.32425 0 1 0.82847 0.83416 0.5 0.5
-0.1041 -0.32644 0 1 0.82946 0.83515 0.5 0.5
-0.10456 -0.32863 0 1 0.83045 0.83613 0.5 0.5
-0.10503 -0.33082 0 1 0.83144 0.83712 0.5 0.5
-0.10549 -0.33301 0 1 0.83243 0.83811 0.5 0.5
-0.10596 -0.3352 0 1 0.83342 0.8391 0.5 0.5
-0.10642 -0.33739 0 1 0.8344 0.84009 0.5 0.5
-0.10689 -0.33958 0 1 0.83539 0.84108 0.5 0.5
-0.10735 -0.34178 0 1 0.83638 0.84207 0.5 0.5
-0.10782 -0.34397 0 1 0.83737 0.84305 0.5 0.5
-0.10828 -0.34652 0 1 0.83836 0.84404 0.5 0.5
-0.10875 -0.34906 0 1 0.83935 0.84503 0.5 0.5
-0.10922 -0.3516 0 1 0.84034 0.84602 0.5 0.5
-0.10969 -0.35415 0 1 0.84132 0.84701 0.5 0.5
-0.11016 -0.35669 0 1 0.84231 0.848 0.5 0.5
-0.11063 -0.35923 0 1 0.8433 0.84899 0.5 0.5
-0.1111 -0.36178 0 1 0.84429 0.84997 0.5 0.5
-0.11157 -0.36432 0 1 0.84528 0.85096 0.5 0.5
-0.11203 -0.36687 0 1 0.84627 0.85195 0.5 0.5
-0.1125 -0.36941 0 1 0.84726 0.85294 0.5 0.5
-0.11297 -0.37195 0 1 0.84824 0.85393 0.5 0.5
-0.11344 -0.3745 0 1 0.84923 0.85492 0.5 0.5
-0.11391 -0.37704 0 1 0.85022 0.85591 0.5 0.5
-0.11438 -0.37958 0 1 0.85121 0.8569 0.5 0.5
-0.11485 -0.38213 0 1 0.8522 0.85788 0.5 0.5
-0.11532 -0.38467 0 1 0.85319 0.85887 0.5 0.5
-0.11579 -0.38722 0 1 0.85418 0.85986 0.5 0.5
-0.11625 -0.38976 0 1 0.85517 0.86085 0.5 0.5
-0.11671 -0.39231 0 1 0.85615 0.86184 0.5 0.5
-0.11703 -0.39487 0 1 0.85714 0.86283 0.5 0.5
-0.11736 -0.39743 0 1 0.85813 0.86382 0.5 0.5
-0.11768 -0.39999 0 1 0.85912 0.8648 0.5 0.5
-0.118 -0.40256 0 1 0.86011 0.86579 0.5 0.5
-0.11833 -0.40512 0 1 0.8611 0.86678 0.5 0.5
-0.11865 -0.40768 0 1 0.86209 0.86777 0.5 0.5
-0.11898 -0.41024 0 1 0.86307 0.86876 0.5 0.5
-0.1193 -0.41281 0 1 0.86406 0.86975 0.5 0.5
-0.11963 -0.41537 0 1 0.86505 0.87074 0.5 0.5
-0.11995 -0.41793 0 1 0.86604 0.87172 0.5 0.5
-0.12027 -0.4205 0 1 0.86703 0.87271 0.5 0.5
-0.1206 -0.42306 0 1 0.86802 0.8737 0.5 0.5
-0.12092 -0.42562 0 1 0.86901 0.87469 0.5 0.5
-0.12125 -0.42818 0 1 0.86999 0.87568 0.5 0.5
-0.12157 -0.43075 0 1 0.87098 0.87667 0.5 0.5
-0.1219 -0.43331 0 1 0.87197 0.87766 0.5 0.5
-0.12222 -0.43587 0 1 0.87296 0.87865 0.5 0.5
-0.12254 -0.43842 0 1 0.87395 0.87963 0.5 0.5
-0.12252 -0.44035 0 1 0.87494 0.88062 0.5 0.5
-0.1225 -0.44228 0 1 0.87593 0.88161 0.5 0.5
-0.12248 -0.44421 0 1 0.87692 0.8826 0.5 0.5
-0.12246 -0.44614 0 1 0.8779 0.88359 0.5 0.5
-0.12244 -0.44807 0 1 0.87889 0.88458 0.5 0.5
-0.12242 -0.45 0 1 0.87988 0.88557 0.5 0.5
-0.1224 -0.45193 0 1 0.88087 0.88655 0.5 0.5
-0.12239 -0.45386 0 1 0.88186 0.88754 0.5 0.5
-0.12237 -0.45579 0 1 0.88285 0.88853 0.5 0.5
-0.12235 -0.45772 0 1 0.88384 0.88952 0.5 0.5
-0.12233 -0.45965 0 1 0.88482 0.89051 0.5 0.5
-0.12231 -0.46158 0 1 0.88581 0.8915 0.5 0.5
-0.12229 -0.46352 0 1 0.8868 0.89249 0.5 0.5
-0.12227 -0.46545 0 1 0.88779 0.89347 0.5 0.5
-0.12226 -0.46738 0 1 0.88878 0.89446 0.5 0.5
-0.12224 -0.46931 0 1 0.88977 0.89545 0.5 0.5
-0.12222 -0.47124 0 1 0.89076 0.89644 0.5 0.5
-0.1218 -0.47201 0 1 0.89174 0.89743 0.5 0.5
-0.12125 -0.47242 0 1 0.89273 0.89842 0.5 0.5
-0.1207 -0.47282 0 1 0.89372 0.89941 0.5 0.5
-0.12015 -0.47323 0 1 0.89471 0.9004 0.5 0.5
-0.1196 -0.47364 0 1 0.8957 0.90138 0.5 0.5
-0.11906 -0.47404 0 1 0.89669 0.90237 0.5 0.5
-0.11851 -0.47445 0 1 0.89768 0.90336 0.5 0.5
-0.11796 -0.47486 0 1 0.89867 0.90435 0.5 0.5
-0.11741 -0.47526 0 1 0.89965 0.90534 0.5 0.5
-0.11686 -0.47567 0 1 0.90064 0.90633 0.5 0.5
-0.11632 -0.47608 0 1 0.90163 0.90732 0.5 0.5
-0.11577 -0.47648 0 1 0.90262 0.9083 0.5 0.5
-0.11522 -0.47689 0 1 0.90361 0.90929 0.5 0.5
-0.11467 -0.4773 0 1 0.9046 0.91028 0.5 0.5
-0.11412 -0.4777 0 1 0.90559 0.91127 0.5 0.5
-0.11358 -0.47811 0 1 0.90657 0.91226 0.5 0.5
-0.11284 -0.47779 0 1 0.90756 0.91325 0.5 0.5
-0.11169 -0.47584 0 1 0.90855 0.91424 0.5 0.5
-0.11053 -0.47388 0 1 0.90954 0.91522 0.5 0.5
-0.10938 -0.47193 0 1 0.91053 0.91621 0.5 0.5
-0.10823 -0.46997 0 1 0.91152 0.9172 0.5 0.5
-0.10707 -0.46802 0 1 0.91251 0.91819 0.5 0.5
-0.10592 -0.46606 0 1 0.91349 0.91918 0.5 0.5
-0.10476 -0.46411 0 1 0.91448 0.92017 0.5 0.5
-0.10361 -0.46215 0 1 0.91547 0.92116 0.5 0.5
-0.10246 -0.4602 0 1 0.91646 0.92214 0.5 0.5
-0.1013 -0.45824 0 1 0.91745 0.92313 0.5 0.5
-0.10015 -0.45629 0 1 0.91844 0.92412 0.5 0.5
-0.098993 -0.45433 0 1 0.91943 0.92511 0.5 0.5
-0.097839 -0.45238 0 1 0.92041 0.9261 0.5 0.5
-0.096685 -0.45042 0 1 0.9214 0.92709 0.5 0.5
-0.095531 -0.44847 0 1 0.92239 0.92808 0.5 0.5
-0.094057 -0.44476 0 1 0.92338 0.92907 0.5 0.5
-0.092416 -0.44014 0 1 0.92437 0.93005 0.5 0.5
-0.090776 -0.43552 0 1 0.92536 0.93104 0.5 0.5
-0.089135 -0.4309 0 1 0.92635 0.93203 0.5 0.5
-0.087494 -0.42628 0 1 0.92734 0.93302 0.5 0.5
-0.085854 -0.42166 0 1 0.92832 0.93401 0.5 0.5
-0.084213 -0.41705 0 1 0.92931 0.935 0.5 0.5
-0.082572 -0.41243 0 1 0.9303 0.93599 0.5 0.5
-0.080932 -0.40781 0 1 0.93129 0.93697 0.5 0.5
-0.079291 -0.40319 0 1 0.93228 0.93796 0.5 0.5
-0.07765 -0.39857 0 1 0.93327 0.93895 0.5 0.5
-0.076009 -0.39395 0 1 0.93426 0.93994 0.5 0.5
-0.074369 -0.38933 0 1 0.93524 0.94093 0.5 0.5
-0.072728 -0.38471 0 1 0.93623 0.94192 0.5 0.5
-0.071088 -0.38009 0 1 0.93722 0.94291 0.5 0.5
-0.069305 -0.3738 0 1 0.93821 0.94389 0.5 0.5
-0.067488 -0.36711 0 1 0.9392 0.94488 0.5 0.5
-0.06567 -0.36042 0 1 0.94019 0.94587 0.5 0.5
-0.063853 -0.35372 0 1 0.94118 0.94686 0.5 0.5
-0.062036 -0.34703 0 1 0.94216 0.94785 0.5 0.5
-0.060219 -0.34034 0 1 0.94315 0.94884 0.5 0.5
-0.058402 -0.33364 0 1 0.94414 0.94983 0.5 0.5
-0.056585 -0.32695 0 1 0.94513 0.95082 0.5 0.5
-0.054768 -0.32026 0 1 0.94612 0.9518 0.5 0.5
-0.052951 -0.31357 0 1 0.94711 0.95279 0.5 0.5
-0.051134 -0.30687 0 1 0.9481 0.95378 0.5 0.5
-0.049316 -0.30018 0 1 0.94909 0.95477 0.5 0.5
-0.047499 -0.29349 0 1 0.95007 0.95576 0.5 0.5
-0.045682 -0.28679 0 1 0.95106 0.95675 0.5 0.5
-0.044005 -0.2795 0 1 0.95205 0.95774 0.5 0.5
-0.042378 -0.27199 0 1 0.95304 0.95872 0.5 0.5
-0.040752 -0.26449 0 1 0.95403 0.95971 0.5 0.5
-0.039125 -0.25698 0 1 0.95502 0.9607 0.5 0.5
-0.037499 -0.24947 0 1 0.95601 0.96169 0.5 0.5
-0.035872 -0.24196 0 1 0.95699 0.96268 0.5 0.5
-0.034245 -0.23445 0 1 0.95798 0.96367 0.5 0.5
-0.032619 -0.22694 0 1 0.95897 0.96466 0.5 0.5
-0.030992 -0.21943 0 1 0.95996 0.96564 0.5 0.5
-0.029366 -0.21192 0 1 0.96095 0.96663 0.5 0.5
-0.027739 -0.20442 0 1 0.96194 0.96762 0.5 0.5
-0.026113 -0.19691 0 1 0.96293 0.96861 0.5 0.5
-0.024486 -0.1894 0 1 0.96391 0.9696 0.5 0.5
-0.023052 -0.18206 0 1 0.9649 0.97059 0.5 0.5
-0.021881 -0.17497 0 1 0.96589 0.97158 0.5 0.5
-0.02071 -0.16787 0 1 0.96688 0.97257 0.5 0.5
-0.019538 -0.16078 0 1 0.96787 0.97355 0.5 0.5
-0.018367 -0.15368 0 1 0.96886 0.97454 0.5 0.5
-0.017196 -0.14658 0 1 0.96985 0.97553 0.5 0.5
-0.016025 -0.13949 0 1 0.97084 0.97652 0.5 0.5
-0.014854 -0.13239 0 1 0.97182 0.97751 0.5 0.5
-0.013683 -0.12529 0 1 0.97281 0.9785 0.5 0.5
-0.012512 -0.1182 0 1 0.9738 0.97949 0.5 0.5
-0.011341 -0.1111 0 1 0.97479 0.98047 0.5 0.5
-0.01017 -0.10401 0 1 0.97578 0.98146 0.5 0.5
-0.0089992 -0.09691 0 1 0.97677 0.98245 0.5 0.5
-0.0083137 -0.090815 0 1 0.97776 0.98344 0.5 0.5
-0.0077125 -0.084894 0 1 0.97874 0.98443 0.5 0.5
-0.0071115 -0.078972 0 1 0.97973 0.98542 0.5 0.5
-0.0065104 -0.073051 0 1 0.98072 0.98641 0.5 0.5
-0.0059093 -0.06713 0 1 0.98171 0.98739 0.5 0.5
-0.0053082 -0.061209 0 1 0.9827 0.98838 0.5 0.5
-0.0047071 -0.055287 0 1 0.98369 0.98937 0.5 0.5
-0.004106 -0.049366 0 1 0.98468 0.99036 0.5 0.5
-0.0035049 -0.043445 0 1 0.98566 0.99135 0.5 0.5
-0.0029038 -0.037523 0 1 0.98665 0.99234 0.5 0.5
-0.0023027 -0.031602 0 1 0.98764 0.99333 0.5 0.5
nan nan nan 0 0.98863 0.99432 0.5 0.5
