0.003906 -0.016042 
0.011719 -0.045828 
0.019531 -0.073517 
0.027344 -0.099309 
0.035156 -0.123446 
0.042969 -0.146213 
0.050781 -0.167911 
0.058594 -0.188821 
0.066406 -0.209161 
0.074219 -0.229059 
0.082031 -0.248537 
0.089844 -0.267517 
0.097656 -0.285830 
0.105469 -0.303250 
0.113281 -0.319513 
0.121094 -0.334347 
0.128906 -0.347492 
0.136719 -0.358723 
0.144531 -0.367863 
0.152344 -0.374794 
0.160156 -0.379463 
0.167969 -0.381886 
0.175781 -0.382147 
0.183594 -0.380385 
0.191406 -0.376793 
0.199219 -0.371596 
0.207031 -0.365045 
0.214844 -0.357397 
0.222656 -0.348905 
0.230469 -0.339806 
0.238281 -0.330312 
0.246094 -0.320606 
0.253906 -0.310839 
0.261719 -0.301128 
0.269531 -0.291561 
0.277344 -0.282194 
0.285156 -0.273062 
0.292969 -0.264178 
0.300781 -0.255539 
0.308594 -0.247133 
0.316406 -0.238937 
0.324219 -0.230925 
0.332031 -0.223070 
0.339844 -0.215343 
0.347656 -0.207717 
0.355469 -0.200169 
0.363281 -0.192678 
0.371094 -0.185224 
0.378906 -0.177794 
0.386719 -0.170375 
0.394531 -0.162958 
0.402344 -0.155536 
0.410156 -0.148105 
0.417969 -0.140660 
0.425781 -0.133201 
0.433594 -0.125725 
0.441406 -0.118232 
0.449219 -0.110723 
0.457031 -0.103196 
0.464844 -0.095653 
0.472656 -0.088092 
0.480469 -0.080515 
0.488281 -0.072921 
0.496094 -0.065310 
0.503906 -0.057680 
0.511719 -0.050032 
0.519531 -0.042364 
0.527344 -0.034675 
0.535156 -0.026963 
0.542969 -0.019227 
0.550781 -0.011465 
0.558594 -0.003676 
0.566406 0.004144 
0.574219 0.011995 
0.582031 0.019882 
0.589844 0.027805 
0.597656 0.035769 
0.605469 0.043776 
0.613281 0.051830 
0.621094 0.059933 
0.628906 0.068090 
0.636719 0.076304 
0.644531 0.084580 
0.652344 0.092923 
0.660156 0.101336 
0.667969 0.109826 
0.675781 0.118397 
0.683594 0.127055 
0.691406 0.135805 
0.699219 0.144654 
0.707031 0.153605 
0.714844 0.162663 
0.722656 0.171833 
0.730469 0.181117 
0.738281 0.190516 
0.746094 0.200030 
0.753906 0.209656 
0.761719 0.219389 
0.769531 0.229218 
0.777344 0.239132 
0.785156 0.249113 
0.792969 0.259138 
0.800781 0.269181 
0.808594 0.279207 
0.816406 0.289179 
0.824219 0.299051 
0.832031 0.308773 
0.839844 0.318290 
0.847656 0.327540 
0.855469 0.336459 
0.863281 0.344981 
0.871094 0.353039 
0.878906 0.360576 
0.886719 0.367552 
0.894531 0.373972 
0.902344 0.379927 
0.910156 0.385672 
0.917969 0.391740 
0.925781 0.399107 
0.933594 0.409387 
0.941406 0.425005 
0.949219 0.449267 
0.957031 0.486179 
0.964844 0.539878 
0.972656 0.613580 
0.980469 0.708065 
0.988281 0.820041 
0.996094 0.941126 
