"Velocidades:0","Velocidades:1","Velocidades:2","vtkValidPointMask","arc_length","Points:0","Points:1","Points:2"
-0.017657,-0.002817,0,1,0,0.5,0.0056845,0.5
-0.020545,-0.0030457,0,1,0.00098863,0.5,0.0066732,0.5
-0.023434,-0.0032743,0,1,0.0019773,0.5,0.0076618,0.5
-0.026322,-0.003503,0,1,0.0029659,0.5,0.0086504,0.5
-0.02921,-0.0037316,0,1,0.0039545,0.5,0.0096391,0.5
-0.032099,-0.0039603,0,1,0.0049432,0.5,0.010628,0.5
-0.034987,-0.0041889,0,1,0.0059318,0.5,0.011616,0.5
-0.037875,-0.0044176,0,1,0.0069204,0.5,0.012605,0.5
-0.040764,-0.0046462,0,1,0.007909,0.5,0.013594,0.5
-0.043652,-0.0048749,0,1,0.0088977,0.5,0.014582,0.5
-0.046541,-0.0051035,0,1,0.0098863,0.5,0.015571,0.5
-0.049429,-0.0053322,0,1,0.010875,0.5,0.016559,0.5
-0.052283,-0.0055262,0,1,0.011864,0.5,0.017548,0.5
-0.054942,-0.0055205,0,1,0.012852,0.5,0.018537,0.5
-0.057601,-0.0055148,0,1,0.013841,0.5,0.019525,0.5
-0.06026,-0.0055091,0,1,0.014829,0.5,0.020514,0.5
-0.062918,-0.0055033,0,1,0.015818,0.5,0.021503,0.5
-0.065577,-0.0054976,0,1,0.016807,0.5,0.022491,0.5
-0.068236,-0.0054919,0,1,0.017795,0.5,0.02348,0.5
-0.070895,-0.0054861,0,1,0.018784,0.5,0.024469,0.5
-0.073553,-0.0054804,0,1,0.019773,0.5,0.025457,0.5
-0.076212,-0.0054747,0,1,0.020761,0.5,0.026446,0.5
-0.078871,-0.005469,0,1,0.02175,0.5,0.027434,0.5
-0.08153,-0.0054632,0,1,0.022739,0.5,0.028423,0.5
-0.084188,-0.0054575,0,1,0.023727,0.5,0.029412,0.5
-0.086745,-0.0054676,0,1,0.024716,0.5,0.0304,0.5
-0.089227,-0.0054893,0,1,0.025704,0.5,0.031389,0.5
-0.091708,-0.005511,0,1,0.026693,0.5,0.032378,0.5
-0.09419,-0.0055327,0,1,0.027682,0.5,0.033366,0.5
-0.096672,-0.0055544,0,1,0.02867,0.5,0.034355,0.5
-0.099153,-0.0055761,0,1,0.029659,0.5,0.035343,0.5
-0.10163,-0.0055978,0,1,0.030648,0.5,0.036332,0.5
-0.10412,-0.0056195,0,1,0.031636,0.5,0.037321,0.5
-0.1066,-0.0056412,0,1,0.032625,0.5,0.038309,0.5
-0.10908,-0.0056629,0,1,0.033613,0.5,0.039298,0.5
-0.11156,-0.0056846,0,1,0.034602,0.5,0.040287,0.5
-0.11404,-0.0057063,0,1,0.035591,0.5,0.041275,0.5
-0.11652,-0.005728,0,1,0.036579,0.5,0.042264,0.5
-0.11897,-0.0057572,0,1,0.037568,0.5,0.043253,0.5
-0.12133,-0.005807,0,1,0.038557,0.5,0.044241,0.5
-0.12369,-0.0058568,0,1,0.039545,0.5,0.04523,0.5
-0.12605,-0.0059066,0,1,0.040534,0.5,0.046218,0.5
-0.12841,-0.0059564,0,1,0.041522,0.5,0.047207,0.5
-0.13077,-0.0060062,0,1,0.042511,0.5,0.048196,0.5
-0.13312,-0.0060561,0,1,0.0435,0.5,0.049184,0.5
-0.13548,-0.0061059,0,1,0.044488,0.5,0.050173,0.5
-0.13784,-0.0061557,0,1,0.045477,0.5,0.051162,0.5
-0.1402,-0.0062055,0,1,0.046466,0.5,0.05215,0.5
-0.14256,-0.0062553,0,1,0.047454,0.5,0.053139,0.5
-0.14492,-0.0063051,0,1,0.048443,0.5,0.054127,0.5
-0.14727,-0.006355,0,1,0.049432,0.5,0.055116,0.5
-0.14963,-0.0064048,0,1,0.05042,0.5,0.056105,0.5
-0.15197,-0.0064574,0,1,0.051409,0.5,0.057093,0.5
-0.15425,-0.0065215,0,1,0.052397,0.5,0.058082,0.5
-0.15652,-0.0065856,0,1,0.053386,0.5,0.059071,0.5
-0.15879,-0.0066497,0,1,0.054375,0.5,0.060059,0.5
-0.16107,-0.0067139,0,1,0.055363,0.5,0.061048,0.5
-0.16334,-0.006778,0,1,0.056352,0.5,0.062036,0.5
-0.16561,-0.0068421,0,1,0.057341,0.5,0.063025,0.5
-0.16789,-0.0069062,0,1,0.058329,0.5,0.064014,0.5
-0.17016,-0.0069704,0,1,0.059318,0.5,0.065002,0.5
-0.17243,-0.0070345,0,1,0.060306,0.5,0.065991,0.5
-0.17471,-0.0070986,0,1,0.061295,0.5,0.06698,0.5
-0.17698,-0.0071627,0,1,0.062284,0.5,0.067968,0.5
-0.17925,-0.0072269,0,1,0.063272,0.5,0.068957,0.5
-0.18153,-0.007291,0,1,0.064261,0.5,0.069946,0.5
-0.1838,-0.0073551,0,1,0.06525,0.5,0.070934,0.5
-0.18604,-0.007416,0,1,0.066238,0.5,0.071923,0.5
-0.18823,-0.0074709,0,1,0.067227,0.5,0.072911,0.5
-0.19042,-0.0075257,0,1,0.068216,0.5,0.0739,0.5
-0.19261,-0.0075805,0,1,0.069204,0.5,0.074889,0.5
-0.19479,-0.0076354,0,1,0.070193,0.5,0.075877,0.5
-0.19698,-0.0076902,0,1,0.071181,0.5,0.076866,0.5
-0.19917,-0.007745,0,1,0.07217,0.5,0.077855,0.5
-0.20135,-0.0077999,0,1,0.073159,0.5,0.078843,0.5
-0.20354,-0.0078547,0,1,0.074147,0.5,0.079832,0.5
-0.20573,-0.0079095,0,1,0.075136,0.5,0.08082,0.5
-0.20792,-0.0079643,0,1,0.076125,0.5,0.081809,0.5
-0.2101,-0.0080192,0,1,0.077113,0.5,0.082798,0.5
-0.21229,-0.008074,0,1,0.078102,0.5,0.083786,0.5
-0.21448,-0.0081288,0,1,0.07909,0.5,0.084775,0.5
-0.21666,-0.0081837,0,1,0.080079,0.5,0.085764,0.5
-0.21885,-0.0082385,0,1,0.081068,0.5,0.086752,0.5
-0.22094,-0.0082697,0,1,0.082056,0.5,0.087741,0.5
-0.22298,-0.0082904,0,1,0.083045,0.5,0.08873,0.5
-0.22503,-0.0083112,0,1,0.084034,0.5,0.089718,0.5
-0.22707,-0.0083319,0,1,0.085022,0.5,0.090707,0.5
-0.22911,-0.0083527,0,1,0.086011,0.5,0.091695,0.5
-0.23116,-0.0083735,0,1,0.086999,0.5,0.092684,0.5
-0.2332,-0.0083942,0,1,0.087988,0.5,0.093673,0.5
-0.23524,-0.008415,0,1,0.088977,0.5,0.094661,0.5
-0.23729,-0.0084357,0,1,0.089965,0.5,0.09565,0.5
-0.23933,-0.0084565,0,1,0.090954,0.5,0.096639,0.5
-0.24137,-0.0084772,0,1,0.091943,0.5,0.097627,0.5
-0.24342,-0.008498,0,1,0.092931,0.5,0.098616,0.5
-0.24546,-0.0085187,0,1,0.09392,0.5,0.099604,0.5
-0.2475,-0.0085395,0,1,0.094909,0.5,0.10059,0.5
-0.24955,-0.0085603,0,1,0.095897,0.5,0.10158,0.5
-0.25159,-0.008581,0,1,0.096886,0.5,0.10257,0.5
-0.25357,-0.0085896,0,1,0.097874,0.5,0.10356,0.5
-0.25536,-0.0085594,0,1,0.098863,0.5,0.10455,0.5
-0.25715,-0.0085293,0,1,0.099852,0.5,0.10554,0.5
-0.25894,-0.0084991,0,1,0.10084,0.5,0.10652,0.5
-0.26073,-0.0084689,0,1,0.10183,0.5,0.10751,0.5
-0.26251,-0.0084387,0,1,0.10282,0.5,0.1085,0.5
-0.2643,-0.0084086,0,1,0.10381,0.5,0.10949,0.5
-0.26609,-0.0083784,0,1,0.10479,0.5,0.11048,0.5
-0.26788,-0.0083482,0,1,0.10578,0.5,0.11147,0.5
-0.26967,-0.008318,0,1,0.10677,0.5,0.11246,0.5
-0.27145,-0.0082879,0,1,0.10776,0.5,0.11345,0.5
-0.27324,-0.0082577,0,1,0.10875,0.5,0.11443,0.5
-0.27503,-0.0082275,0,1,0.10974,0.5,0.11542,0.5
-0.27682,-0.0081973,0,1,0.11073,0.5,0.11641,0.5
-0.27861,-0.0081671,0,1,0.11172,0.5,0.1174,0.5
-0.2804,-0.008137,0,1,0.1127,0.5,0.11839,0.5
-0.28218,-0.0081068,0,1,0.11369,0.5,0.11938,0.5
-0.28397,-0.0080766,0,1,0.11468,0.5,0.12037,0.5
-0.28537,-0.0079943,0,1,0.11567,0.5,0.12135,0.5
-0.28677,-0.0079103,0,1,0.11666,0.5,0.12234,0.5
-0.28816,-0.0078264,0,1,0.11765,0.5,0.12333,0.5
-0.28955,-0.0077424,0,1,0.11864,0.5,0.12432,0.5
-0.29094,-0.0076585,0,1,0.11962,0.5,0.12531,0.5
-0.29233,-0.0075745,0,1,0.12061,0.5,0.1263,0.5
-0.29372,-0.0074906,0,1,0.1216,0.5,0.12729,0.5
-0.29512,-0.0074066,0,1,0.12259,0.5,0.12827,0.5
-0.29651,-0.0073227,0,1,0.12358,0.5,0.12926,0.5
-0.2979,-0.0072387,0,1,0.12457,0.5,0.13025,0.5
-0.29929,-0.0071548,0,1,0.12556,0.5,0.13124,0.5
-0.30068,-0.0070708,0,1,0.12654,0.5,0.13223,0.5
-0.30207,-0.0069869,0,1,0.12753,0.5,0.13322,0.5
-0.30346,-0.0069029,0,1,0.12852,0.5,0.13421,0.5
-0.30486,-0.006819,0,1,0.12951,0.5,0.1352,0.5
-0.30625,-0.006735,0,1,0.1305,0.5,0.13618,0.5
-0.30764,-0.0066511,0,1,0.13149,0.5,0.13717,0.5
-0.30903,-0.0065671,0,1,0.13248,0.5,0.13816,0.5
-0.30996,-0.0064465,0,1,0.13347,0.5,0.13915,0.5
-0.31083,-0.0063211,0,1,0.13445,0.5,0.14014,0.5
-0.31169,-0.0061957,0,1,0.13544,0.5,0.14113,0.5
-0.31256,-0.0060703,0,1,0.13643,0.5,0.14212,0.5
-0.31343,-0.005945,0,1,0.13742,0.5,0.1431,0.5
-0.31429,-0.0058196,0,1,0.13841,0.5,0.14409,0.5
-0.31516,-0.0056942,0,1,0.1394,0.5,0.14508,0.5
-0.31603,-0.0055688,0,1,0.14039,0.5,0.14607,0.5
-0.31689,-0.0054434,0,1,0.14137,0.5,0.14706,0.5
-0.31776,-0.005318,0,1,0.14236,0.5,0.14805,0.5
-0.31863,-0.0051926,0,1,0.14335,0.5,0.14904,0.5
-0.31949,-0.0050672,0,1,0.14434,0.5,0.15002,0.5
-0.32036,-0.0049418,0,1,0.14533,0.5,0.15101,0.5
-0.32123,-0.0048164,0,1,0.14632,0.5,0.152,0.5
-0.32209,-0.004691,0,1,0.14731,0.5,0.15299,0.5
-0.32296,-0.0045657,0,1,0.14829,0.5,0.15398,0.5
-0.32383,-0.0044403,0,1,0.14928,0.5,0.15497,0.5
-0.3247,-0.0043149,0,1,0.15027,0.5,0.15596,0.5
-0.32556,-0.0041895,0,1,0.15126,0.5,0.15695,0.5
-0.32584,-0.0040463,0,1,0.15225,0.5,0.15793,0.5
-0.32612,-0.0039029,0,1,0.15324,0.5,0.15892,0.5
-0.32639,-0.0037594,0,1,0.15423,0.5,0.15991,0.5
-0.32666,-0.0036159,0,1,0.15521,0.5,0.1609,0.5
-0.32693,-0.0034725,0,1,0.1562,0.5,0.16189,0.5
-0.32721,-0.003329,0,1,0.15719,0.5,0.16288,0.5
-0.32748,-0.0031856,0,1,0.15818,0.5,0.16387,0.5
-0.32775,-0.0030421,0,1,0.15917,0.5,0.16485,0.5
-0.32802,-0.0028987,0,1,0.16016,0.5,0.16584,0.5
-0.3283,-0.0027552,0,1,0.16115,0.5,0.16683,0.5
-0.32857,-0.0026117,0,1,0.16214,0.5,0.16782,0.5
-0.32884,-0.0024683,0,1,0.16312,0.5,0.16881,0.5
-0.32911,-0.0023248,0,1,0.16411,0.5,0.1698,0.5
-0.32939,-0.0021814,0,1,0.1651,0.5,0.17079,0.5
-0.32966,-0.0020379,0,1,0.16609,0.5,0.17177,0.5
-0.32993,-0.0018945,0,1,0.16708,0.5,0.17276,0.5
-0.3302,-0.001751,0,1,0.16807,0.5,0.17375,0.5
-0.33047,-0.0016075,0,1,0.16906,0.5,0.17474,0.5
-0.33075,-0.0014641,0,1,0.17004,0.5,0.17573,0.5
-0.33086,-0.0013228,0,1,0.17103,0.5,0.17672,0.5
-0.33056,-0.0011873,0,1,0.17202,0.5,0.17771,0.5
-0.33026,-0.0010518,0,1,0.17301,0.5,0.17869,0.5
-0.32996,-0.00091632,0,1,0.174,0.5,0.17968,0.5
-0.32965,-0.00078082,0,1,0.17499,0.5,0.18067,0.5
-0.32935,-0.00064531,0,1,0.17598,0.5,0.18166,0.5
-0.32905,-0.00050981,0,1,0.17696,0.5,0.18265,0.5
-0.32875,-0.00037431,0,1,0.17795,0.5,0.18364,0.5
-0.32845,-0.0002388,0,1,0.17894,0.5,0.18463,0.5
-0.32815,-0.0001033,0,1,0.17993,0.5,0.18562,0.5
-0.32784,3.2201e-05,0,1,0.18092,0.5,0.1866,0.5
-0.32754,0.0001677,0,1,0.18191,0.5,0.18759,0.5
-0.32724,0.00030321,0,1,0.1829,0.5,0.18858,0.5
-0.32694,0.00043871,0,1,0.18389,0.5,0.18957,0.5
-0.32664,0.00057421,0,1,0.18487,0.5,0.19056,0.5
-0.32634,0.00070972,0,1,0.18586,0.5,0.19155,0.5
-0.32603,0.00084522,0,1,0.18685,0.5,0.19254,0.5
-0.32573,0.00098072,0,1,0.18784,0.5,0.19352,0.5
-0.32543,0.0011162,0,1,0.18883,0.5,0.19451,0.5
-0.32513,0.0012517,0,1,0.18982,0.5,0.1955,0.5
-0.32483,0.0013872,0,1,0.19081,0.5,0.19649,0.5
-0.32416,0.0015016,0,1,0.19179,0.5,0.19748,0.5
-0.3234,0.00161,0,1,0.19278,0.5,0.19847,0.5
-0.32264,0.0017184,0,1,0.19377,0.5,0.19946,0.5
-0.32187,0.0018269,0,1,0.19476,0.5,0.20044,0.5
-0.32111,0.0019353,0,1,0.19575,0.5,0.20143,0.5
-0.32034,0.0020437,0,1,0.19674,0.5,0.20242,0.5
-0.31958,0.0021521,0,1,0.19773,0.5,0.20341,0.5
-0.31882,0.0022605,0,1,0.19871,0.5,0.2044,0.5
-0.31805,0.002369,0,1,0.1997,0.5,0.20539,0.5
-0.31729,0.0024774,0,1,0.20069,0.5,0.20638,0.5
-0.31652,0.0025858,0,1,0.20168,0.5,0.20737,0.5
-0.31576,0.0026942,0,1,0.20267,0.5,0.20835,0.5
-0.315,0.0028027,0,1,0.20366,0.5,0.20934,0.5
-0.31423,0.0029111,0,1,0.20465,0.5,0.21033,0.5
-0.31347,0.0030195,0,1,0.20564,0.5,0.21132,0.5
-0.3127,0.0031279,0,1,0.20662,0.5,0.21231,0.5
-0.31194,0.0032363,0,1,0.20761,0.5,0.2133,0.5
-0.31118,0.0033448,0,1,0.2086,0.5,0.21429,0.5
-0.31041,0.0034532,0,1,0.20959,0.5,0.21527,0.5
-0.30965,0.0035616,0,1,0.21058,0.5,0.21626,0.5
-0.30888,0.00367,0,1,0.21157,0.5,0.21725,0.5
-0.30797,0.0037614,0,1,0.21256,0.5,0.21824,0.5
-0.30691,0.0038365,0,1,0.21354,0.5,0.21923,0.5
-0.30586,0.0039116,0,1,0.21453,0.5,0.22022,0.5
-0.3048,0.0039867,0,1,0.21552,0.5,0.22121,0.5
-0.30374,0.0040618,0,1,0.21651,0.5,0.22219,0.5
-0.30268,0.0041369,0,1,0.2175,0.5,0.22318,0.5
-0.30163,0.0042121,0,1,0.21849,0.5,0.22417,0.5
-0.30057,0.0042872,0,1,0.21948,0.5,0.22516,0.5
-0.29951,0.0043623,0,1,0.22046,0.5,0.22615,0.5
-0.29846,0.0044374,0,1,0.22145,0.5,0.22714,0.5
-0.2974,0.0045125,0,1,0.22244,0.5,0.22813,0.5
-0.29634,0.0045876,0,1,0.22343,0.5,0.22912,0.5
-0.29528,0.0046627,0,1,0.22442,0.5,0.2301,0.5
-0.29423,0.0047378,0,1,0.22541,0.5,0.23109,0.5
-0.29317,0.004813,0,1,0.2264,0.5,0.23208,0.5
-0.29211,0.0048881,0,1,0.22738,0.5,0.23307,0.5
-0.29105,0.0049632,0,1,0.22837,0.5,0.23406,0.5
-0.29,0.0050383,0,1,0.22936,0.5,0.23505,0.5
-0.28894,0.0051134,0,1,0.23035,0.5,0.23604,0.5
-0.28788,0.0051885,0,1,0.23134,0.5,0.23702,0.5
-0.28682,0.0052636,0,1,0.23233,0.5,0.23801,0.5
-0.28577,0.0053387,0,1,0.23332,0.5,0.239,0.5
-0.28465,0.0054003,0,1,0.23431,0.5,0.23999,0.5
-0.28347,0.0054482,0,1,0.23529,0.5,0.24098,0.5
-0.2823,0.0054961,0,1,0.23628,0.5,0.24197,0.5
-0.28112,0.005544,0,1,0.23727,0.5,0.24296,0.5
-0.27994,0.0055919,0,1,0.23826,0.5,0.24394,0.5
-0.27877,0.0056398,0,1,0.23925,0.5,0.24493,0.5
-0.27759,0.0056877,0,1,0.24024,0.5,0.24592,0.5
-0.27641,0.0057357,0,1,0.24123,0.5,0.24691,0.5
-0.27523,0.0057836,0,1,0.24221,0.5,0.2479,0.5
-0.27406,0.0058315,0,1,0.2432,0.5,0.24889,0.5
-0.27288,0.0058794,0,1,0.24419,0.5,0.24988,0.5
-0.2717,0.0059273,0,1,0.24518,0.5,0.25086,0.5
-0.27053,0.0059752,0,1,0.24617,0.5,0.25185,0.5
-0.26935,0.0060232,0,1,0.24716,0.5,0.25284,0.5
-0.26817,0.0060711,0,1,0.24815,0.5,0.25383,0.5
-0.267,0.006119,0,1,0.24913,0.5,0.25482,0.5
-0.26582,0.0061669,0,1,0.25012,0.5,0.25581,0.5
-0.26464,0.0062148,0,1,0.25111,0.5,0.2568,0.5
-0.26346,0.0062627,0,1,0.2521,0.5,0.25779,0.5
-0.26229,0.0063106,0,1,0.25309,0.5,0.25877,0.5
-0.26111,0.0063586,0,1,0.25408,0.5,0.25976,0.5
-0.25993,0.0064065,0,1,0.25507,0.5,0.26075,0.5
-0.25876,0.0064544,0,1,0.25606,0.5,0.26174,0.5
-0.25759,0.0064913,0,1,0.25704,0.5,0.26273,0.5
-0.25643,0.0065251,0,1,0.25803,0.5,0.26372,0.5
-0.25527,0.0065588,0,1,0.25902,0.5,0.26471,0.5
-0.2541,0.0065926,0,1,0.26001,0.5,0.26569,0.5
-0.25294,0.0066264,0,1,0.261,0.5,0.26668,0.5
-0.25178,0.0066601,0,1,0.26199,0.5,0.26767,0.5
-0.25062,0.0066939,0,1,0.26298,0.5,0.26866,0.5
-0.24945,0.0067276,0,1,0.26396,0.5,0.26965,0.5
-0.24829,0.0067614,0,1,0.26495,0.5,0.27064,0.5
-0.24713,0.0067952,0,1,0.26594,0.5,0.27163,0.5
-0.24597,0.0068289,0,1,0.26693,0.5,0.27261,0.5
-0.2448,0.0068627,0,1,0.26792,0.5,0.2736,0.5
-0.24364,0.0068965,0,1,0.26891,0.5,0.27459,0.5
-0.24248,0.0069302,0,1,0.2699,0.5,0.27558,0.5
-0.24132,0.006964,0,1,0.27088,0.5,0.27657,0.5
-0.24015,0.0069978,0,1,0.27187,0.5,0.27756,0.5
-0.23899,0.0070315,0,1,0.27286,0.5,0.27855,0.5
-0.23783,0.0070653,0,1,0.27385,0.5,0.27954,0.5
-0.23667,0.007099,0,1,0.27484,0.5,0.28052,0.5
-0.2355,0.0071328,0,1,0.27583,0.5,0.28151,0.5
-0.23434,0.0071666,0,1,0.27682,0.5,0.2825,0.5
-0.23318,0.0072003,0,1,0.27781,0.5,0.28349,0.5
-0.23202,0.0072341,0,1,0.27879,0.5,0.28448,0.5
-0.23089,0.0072677,0,1,0.27978,0.5,0.28547,0.5
-0.22982,0.0073011,0,1,0.28077,0.5,0.28646,0.5
-0.22874,0.0073345,0,1,0.28176,0.5,0.28744,0.5
-0.22767,0.0073679,0,1,0.28275,0.5,0.28843,0.5
-0.2266,0.0074013,0,1,0.28374,0.5,0.28942,0.5
-0.22553,0.0074347,0,1,0.28473,0.5,0.29041,0.5
-0.22445,0.0074681,0,1,0.28571,0.5,0.2914,0.5
-0.22338,0.0075015,0,1,0.2867,0.5,0.29239,0.5
-0.22231,0.0075349,0,1,0.28769,0.5,0.29338,0.5
-0.22124,0.0075683,0,1,0.28868,0.5,0.29436,0.5
-0.22016,0.0076017,0,1,0.28967,0.5,0.29535,0.5
-0.21909,0.0076351,0,1,0.29066,0.5,0.29634,0.5
-0.21802,0.0076685,0,1,0.29165,0.5,0.29733,0.5
-0.21695,0.0077019,0,1,0.29263,0.5,0.29832,0.5
-0.21587,0.0077353,0,1,0.29362,0.5,0.29931,0.5
-0.2148,0.0077687,0,1,0.29461,0.5,0.3003,0.5
-0.21373,0.0078021,0,1,0.2956,0.5,0.30129,0.5
-0.21266,0.0078355,0,1,0.29659,0.5,0.30227,0.5
-0.21158,0.0078689,0,1,0.29758,0.5,0.30326,0.5
-0.21051,0.0079023,0,1,0.29857,0.5,0.30425,0.5
-0.20944,0.0079357,0,1,0.29956,0.5,0.30524,0.5
-0.20837,0.0079691,0,1,0.30054,0.5,0.30623,0.5
-0.2073,0.0080025,0,1,0.30153,0.5,0.30722,0.5
-0.20622,0.0080359,0,1,0.30252,0.5,0.30821,0.5
-0.20519,0.0080731,0,1,0.30351,0.5,0.30919,0.5
-0.20423,0.0081165,0,1,0.3045,0.5,0.31018,0.5
-0.20327,0.00816,0,1,0.30549,0.5,0.31117,0.5
-0.20231,0.0082034,0,1,0.30648,0.5,0.31216,0.5
-0.20135,0.0082468,0,1,0.30746,0.5,0.31315,0.5
-0.20039,0.0082902,0,1,0.30845,0.5,0.31414,0.5
-0.19943,0.0083336,0,1,0.30944,0.5,0.31513,0.5
-0.19847,0.008377,0,1,0.31043,0.5,0.31611,0.5
-0.19751,0.0084204,0,1,0.31142,0.5,0.3171,0.5
-0.19655,0.0084639,0,1,0.31241,0.5,0.31809,0.5
-0.19558,0.0085073,0,1,0.3134,0.5,0.31908,0.5
-0.19462,0.0085507,0,1,0.31438,0.5,0.32007,0.5
-0.19366,0.0085941,0,1,0.31537,0.5,0.32106,0.5
-0.1927,0.0086375,0,1,0.31636,0.5,0.32205,0.5
-0.19174,0.0086809,0,1,0.31735,0.5,0.32303,0.5
-0.19078,0.0087243,0,1,0.31834,0.5,0.32402,0.5
-0.18982,0.0087678,0,1,0.31933,0.5,0.32501,0.5
-0.18886,0.0088112,0,1,0.32032,0.5,0.326,0.5
-0.1879,0.0088546,0,1,0.3213,0.5,0.32699,0.5
-0.18694,0.008898,0,1,0.32229,0.5,0.32798,0.5
-0.18598,0.0089414,0,1,0.32328,0.5,0.32897,0.5
-0.18502,0.0089848,0,1,0.32427,0.5,0.32996,0.5
-0.18405,0.0090282,0,1,0.32526,0.5,0.33094,0.5
-0.18309,0.0090716,0,1,0.32625,0.5,0.33193,0.5
-0.18213,0.0091151,0,1,0.32724,0.5,0.33292,0.5
-0.18125,0.0091709,0,1,0.32823,0.5,0.33391,0.5
-0.18039,0.0092296,0,1,0.32921,0.5,0.3349,0.5
-0.17952,0.0092884,0,1,0.3302,0.5,0.33589,0.5
-0.17866,0.0093472,0,1,0.33119,0.5,0.33688,0.5
-0.1778,0.009406,0,1,0.33218,0.5,0.33786,0.5
-0.17693,0.0094647,0,1,0.33317,0.5,0.33885,0.5
-0.17607,0.0095235,0,1,0.33416,0.5,0.33984,0.5
-0.17521,0.0095823,0,1,0.33515,0.5,0.34083,0.5
-0.17435,0.0096411,0,1,0.33613,0.5,0.34182,0.5
-0.17348,0.0096998,0,1,0.33712,0.5,0.34281,0.5
-0.17262,0.0097586,0,1,0.33811,0.5,0.3438,0.5
-0.17176,0.0098174,0,1,0.3391,0.5,0.34478,0.5
-0.17089,0.0098762,0,1,0.34009,0.5,0.34577,0.5
-0.17003,0.0099349,0,1,0.34108,0.5,0.34676,0.5
-0.16917,0.0099937,0,1,0.34207,0.5,0.34775,0.5
-0.1683,0.010052,0,1,0.34305,0.5,0.34874,0.5
-0.16744,0.010111,0,1,0.34404,0.5,0.34973,0.5
-0.16658,0.01017,0,1,0.34503,0.5,0.35072,0.5
-0.16571,0.010229,0,1,0.34602,0.5,0.35171,0.5
-0.16485,0.010288,0,1,0.34701,0.5,0.35269,0.5
-0.16399,0.010346,0,1,0.348,0.5,0.35368,0.5
-0.16312,0.010405,0,1,0.34899,0.5,0.35467,0.5
-0.16226,0.010464,0,1,0.34998,0.5,0.35566,0.5
-0.1614,0.010523,0,1,0.35096,0.5,0.35665,0.5
-0.16053,0.010581,0,1,0.35195,0.5,0.35764,0.5
-0.15972,0.010652,0,1,0.35294,0.5,0.35863,0.5
-0.15892,0.010727,0,1,0.35393,0.5,0.35961,0.5
-0.15813,0.010801,0,1,0.35492,0.5,0.3606,0.5
-0.15733,0.010876,0,1,0.35591,0.5,0.36159,0.5
-0.15654,0.010951,0,1,0.3569,0.5,0.36258,0.5
-0.15574,0.011025,0,1,0.35788,0.5,0.36357,0.5
-0.15495,0.0111,0,1,0.35887,0.5,0.36456,0.5
-0.15415,0.011175,0,1,0.35986,0.5,0.36555,0.5
-0.15336,0.011249,0,1,0.36085,0.5,0.36653,0.5
-0.15256,0.011324,0,1,0.36184,0.5,0.36752,0.5
-0.15177,0.011399,0,1,0.36283,0.5,0.36851,0.5
-0.15097,0.011473,0,1,0.36382,0.5,0.3695,0.5
-0.15018,0.011548,0,1,0.3648,0.5,0.37049,0.5
-0.14938,0.011623,0,1,0.36579,0.5,0.37148,0.5
-0.14859,0.011698,0,1,0.36678,0.5,0.37247,0.5
-0.14779,0.011772,0,1,0.36777,0.5,0.37346,0.5
-0.147,0.011847,0,1,0.36876,0.5,0.37444,0.5
-0.1462,0.011922,0,1,0.36975,0.5,0.37543,0.5
-0.14541,0.011996,0,1,0.37074,0.5,0.37642,0.5
-0.14461,0.012071,0,1,0.37173,0.5,0.37741,0.5
-0.14382,0.012146,0,1,0.37271,0.5,0.3784,0.5
-0.14302,0.01222,0,1,0.3737,0.5,0.37939,0.5
-0.14223,0.012295,0,1,0.37469,0.5,0.38038,0.5
-0.14144,0.01237,0,1,0.37568,0.5,0.38136,0.5
-0.14064,0.012445,0,1,0.37667,0.5,0.38235,0.5
-0.13985,0.012522,0,1,0.37766,0.5,0.38334,0.5
-0.1391,0.01261,0,1,0.37865,0.5,0.38433,0.5
-0.13834,0.012698,0,1,0.37963,0.5,0.38532,0.5
-0.13759,0.012785,0,1,0.38062,0.5,0.38631,0.5
-0.13683,0.012873,0,1,0.38161,0.5,0.3873,0.5
-0.13607,0.012961,0,1,0.3826,0.5,0.38828,0.5
-0.13532,0.013049,0,1,0.38359,0.5,0.38927,0.5
-0.13456,0.013136,0,1,0.38458,0.5,0.39026,0.5
-0.13381,0.013224,0,1,0.38557,0.5,0.39125,0.5
-0.13305,0.013312,0,1,0.38655,0.5,0.39224,0.5
-0.1323,0.0134,0,1,0.38754,0.5,0.39323,0.5
-0.13154,0.013487,0,1,0.38853,0.5,0.39422,0.5
-0.13078,0.013575,0,1,0.38952,0.5,0.3952,0.5
-0.13003,0.013663,0,1,0.39051,0.5,0.39619,0.5
-0.12927,0.013751,0,1,0.3915,0.5,0.39718,0.5
-0.12852,0.013838,0,1,0.39249,0.5,0.39817,0.5
-0.12776,0.013926,0,1,0.39347,0.5,0.39916,0.5
-0.12701,0.014014,0,1,0.39446,0.5,0.40015,0.5
-0.12625,0.014102,0,1,0.39545,0.5,0.40114,0.5
-0.12549,0.014189,0,1,0.39644,0.5,0.40213,0.5
-0.12474,0.014277,0,1,0.39743,0.5,0.40311,0.5
-0.12398,0.014365,0,1,0.39842,0.5,0.4041,0.5
-0.12323,0.014453,0,1,0.39941,0.5,0.40509,0.5
-0.12247,0.01454,0,1,0.4004,0.5,0.40608,0.5
-0.12172,0.014628,0,1,0.40138,0.5,0.40707,0.5
-0.12096,0.014716,0,1,0.40237,0.5,0.40806,0.5
-0.12021,0.014806,0,1,0.40336,0.5,0.40905,0.5
-0.11947,0.014903,0,1,0.40435,0.5,0.41003,0.5
-0.11874,0.014999,0,1,0.40534,0.5,0.41102,0.5
-0.118,0.015095,0,1,0.40633,0.5,0.41201,0.5
-0.11726,0.015191,0,1,0.40732,0.5,0.413,0.5
-0.11652,0.015288,0,1,0.4083,0.5,0.41399,0.5
-0.11579,0.015384,0,1,0.40929,0.5,0.41498,0.5
-0.11505,0.01548,0,1,0.41028,0.5,0.41597,0.5
-0.11431,0.015576,0,1,0.41127,0.5,0.41695,0.5
-0.11357,0.015673,0,1,0.41226,0.5,0.41794,0.5
-0.11284,0.015769,0,1,0.41325,0.5,0.41893,0.5
-0.1121,0.015865,0,1,0.41424,0.5,0.41992,0.5
-0.11136,0.015961,0,1,0.41522,0.5,0.42091,0.5
-0.11063,0.016058,0,1,0.41621,0.5,0.4219,0.5
-0.10989,0.016154,0,1,0.4172,0.5,0.42289,0.5
-0.10915,0.01625,0,1,0.41819,0.5,0.42388,0.5
-0.10841,0.016346,0,1,0.41918,0.5,0.42486,0.5
-0.10768,0.016443,0,1,0.42017,0.5,0.42585,0.5
-0.10694,0.016539,0,1,0.42116,0.5,0.42684,0.5
-0.1062,0.016635,0,1,0.42215,0.5,0.42783,0.5
-0.10546,0.016732,0,1,0.42313,0.5,0.42882,0.5
-0.10473,0.016828,0,1,0.42412,0.5,0.42981,0.5
-0.10399,0.016924,0,1,0.42511,0.5,0.4308,0.5
-0.10325,0.01702,0,1,0.4261,0.5,0.43178,0.5
-0.10251,0.017117,0,1,0.42709,0.5,0.43277,0.5
-0.10178,0.017213,0,1,0.42808,0.5,0.43376,0.5
-0.10104,0.01731,0,1,0.42907,0.5,0.43475,0.5
-0.10031,0.01741,0,1,0.43005,0.5,0.43574,0.5
-0.09958,0.01751,0,1,0.43104,0.5,0.43673,0.5
-0.098849,0.01761,0,1,0.43203,0.5,0.43772,0.5
-0.098119,0.01771,0,1,0.43302,0.5,0.4387,0.5
-0.097388,0.01781,0,1,0.43401,0.5,0.43969,0.5
-0.096658,0.017911,0,1,0.435,0.5,0.44068,0.5
-0.095928,0.018011,0,1,0.43599,0.5,0.44167,0.5
-0.095197,0.018111,0,1,0.43697,0.5,0.44266,0.5
-0.094467,0.018211,0,1,0.43796,0.5,0.44365,0.5
-0.093736,0.018311,0,1,0.43895,0.5,0.44464,0.5
-0.093006,0.018411,0,1,0.43994,0.5,0.44563,0.5
-0.092275,0.018511,0,1,0.44093,0.5,0.44661,0.5
-0.091545,0.018612,0,1,0.44192,0.5,0.4476,0.5
-0.090815,0.018712,0,1,0.44291,0.5,0.44859,0.5
-0.090084,0.018812,0,1,0.4439,0.5,0.44958,0.5
-0.089354,0.018912,0,1,0.44488,0.5,0.45057,0.5
-0.088623,0.019012,0,1,0.44587,0.5,0.45156,0.5
-0.087893,0.019112,0,1,0.44686,0.5,0.45255,0.5
-0.087163,0.019212,0,1,0.44785,0.5,0.45353,0.5
-0.086432,0.019313,0,1,0.44884,0.5,0.45452,0.5
-0.085702,0.019413,0,1,0.44983,0.5,0.45551,0.5
-0.084971,0.019513,0,1,0.45082,0.5,0.4565,0.5
-0.084241,0.019613,0,1,0.4518,0.5,0.45749,0.5
-0.08351,0.019713,0,1,0.45279,0.5,0.45848,0.5
-0.08278,0.019813,0,1,0.45378,0.5,0.45947,0.5
-0.08205,0.019913,0,1,0.45477,0.5,0.46045,0.5
-0.081321,0.020014,0,1,0.45576,0.5,0.46144,0.5
-0.080593,0.020114,0,1,0.45675,0.5,0.46243,0.5
-0.079865,0.020214,0,1,0.45774,0.5,0.46342,0.5
-0.079137,0.020315,0,1,0.45872,0.5,0.46441,0.5
-0.078409,0.020415,0,1,0.45971,0.5,0.4654,0.5
-0.077681,0.020515,0,1,0.4607,0.5,0.46639,0.5
-0.076953,0.020615,0,1,0.46169,0.5,0.46737,0.5
-0.076225,0.020716,0,1,0.46268,0.5,0.46836,0.5
-0.075497,0.020816,0,1,0.46367,0.5,0.46935,0.5
-0.074769,0.020916,0,1,0.46466,0.5,0.47034,0.5
-0.074041,0.021017,0,1,0.46564,0.5,0.47133,0.5
-0.073313,0.021117,0,1,0.46663,0.5,0.47232,0.5
-0.072585,0.021217,0,1,0.46762,0.5,0.47331,0.5
-0.071857,0.021317,0,1,0.46861,0.5,0.4743,0.5
-0.071129,0.021418,0,1,0.4696,0.5,0.47528,0.5
-0.070401,0.021518,0,1,0.47059,0.5,0.47627,0.5
-0.069673,0.021618,0,1,0.47158,0.5,0.47726,0.5
-0.068945,0.021719,0,1,0.47257,0.5,0.47825,0.5
-0.068217,0.021819,0,1,0.47355,0.5,0.47924,0.5
-0.067489,0.021919,0,1,0.47454,0.5,0.48023,0.5
-0.066761,0.02202,0,1,0.47553,0.5,0.48122,0.5
-0.066033,0.02212,0,1,0.47652,0.5,0.4822,0.5
-0.065305,0.02222,0,1,0.47751,0.5,0.48319,0.5
-0.064577,0.02232,0,1,0.4785,0.5,0.48418,0.5
-0.063849,0.022421,0,1,0.47949,0.5,0.48517,0.5
-0.063121,0.022521,0,1,0.48047,0.5,0.48616,0.5
-0.062393,0.022621,0,1,0.48146,0.5,0.48715,0.5
-0.061667,0.022719,0,1,0.48245,0.5,0.48814,0.5
-0.06094,0.022816,0,1,0.48344,0.5,0.48912,0.5
-0.060213,0.022914,0,1,0.48443,0.5,0.49011,0.5
-0.059487,0.023012,0,1,0.48542,0.5,0.4911,0.5
-0.05876,0.02311,0,1,0.48641,0.5,0.49209,0.5
-0.058033,0.023208,0,1,0.48739,0.5,0.49308,0.5
-0.057307,0.023306,0,1,0.48838,0.5,0.49407,0.5
-0.05658,0.023404,0,1,0.48937,0.5,0.49506,0.5
-0.055853,0.023501,0,1,0.49036,0.5,0.49605,0.5
-0.055127,0.023599,0,1,0.49135,0.5,0.49703,0.5
-0.0544,0.023697,0,1,0.49234,0.5,0.49802,0.5
-0.053673,0.023795,0,1,0.49333,0.5,0.49901,0.5
-0.052947,0.023893,0,1,0.49432,0.5,0.5,0.5
-0.05222,0.023991,0,1,0.4953,0.5,0.50099,0.5
-0.051493,0.024089,0,1,0.49629,0.5,0.50198,0.5
-0.050767,0.024187,0,1,0.49728,0.5,0.50297,0.5
-0.05004,0.024284,0,1,0.49827,0.5,0.50395,0.5
-0.049313,0.024382,0,1,0.49926,0.5,0.50494,0.5
-0.048587,0.02448,0,1,0.50025,0.5,0.50593,0.5
-0.04786,0.024578,0,1,0.50124,0.5,0.50692,0.5
-0.047133,0.024676,0,1,0.50222,0.5,0.50791,0.5
-0.046407,0.024774,0,1,0.50321,0.5,0.5089,0.5
-0.04568,0.024872,0,1,0.5042,0.5,0.50989,0.5
-0.044953,0.024969,0,1,0.50519,0.5,0.51087,0.5
-0.044227,0.025067,0,1,0.50618,0.5,0.51186,0.5
-0.0435,0.025165,0,1,0.50717,0.5,0.51285,0.5
-0.042774,0.02526,0,1,0.50816,0.5,0.51384,0.5
-0.042048,0.025354,0,1,0.50914,0.5,0.51483,0.5
-0.041322,0.025448,0,1,0.51013,0.5,0.51582,0.5
-0.040597,0.025542,0,1,0.51112,0.5,0.51681,0.5
-0.039871,0.025636,0,1,0.51211,0.5,0.5178,0.5
-0.039145,0.02573,0,1,0.5131,0.5,0.51878,0.5
-0.038419,0.025824,0,1,0.51409,0.5,0.51977,0.5
-0.037693,0.025918,0,1,0.51508,0.5,0.52076,0.5
-0.036968,0.026012,0,1,0.51607,0.5,0.52175,0.5
-0.036242,0.026105,0,1,0.51705,0.5,0.52274,0.5
-0.035516,0.026199,0,1,0.51804,0.5,0.52373,0.5
-0.03479,0.026293,0,1,0.51903,0.5,0.52472,0.5
-0.034064,0.026387,0,1,0.52002,0.5,0.5257,0.5
-0.033339,0.026481,0,1,0.52101,0.5,0.52669,0.5
-0.032613,0.026575,0,1,0.522,0.5,0.52768,0.5
-0.031887,0.026669,0,1,0.52299,0.5,0.52867,0.5
-0.031161,0.026763,0,1,0.52397,0.5,0.52966,0.5
-0.030435,0.026857,0,1,0.52496,0.5,0.53065,0.5
-0.02971,0.026951,0,1,0.52595,0.5,0.53164,0.5
-0.028984,0.027045,0,1,0.52694,0.5,0.53262,0.5
-0.028258,0.027139,0,1,0.52793,0.5,0.53361,0.5
-0.027532,0.027233,0,1,0.52892,0.5,0.5346,0.5
-0.026806,0.027326,0,1,0.52991,0.5,0.53559,0.5
-0.026081,0.02742,0,1,0.53089,0.5,0.53658,0.5
-0.025355,0.027514,0,1,0.53188,0.5,0.53757,0.5
-0.024629,0.027608,0,1,0.53287,0.5,0.53856,0.5
-0.023903,0.027701,0,1,0.53386,0.5,0.53954,0.5
-0.023176,0.02779,0,1,0.53485,0.5,0.54053,0.5
-0.02245,0.02788,0,1,0.53584,0.5,0.54152,0.5
-0.021723,0.027969,0,1,0.53683,0.5,0.54251,0.5
-0.020996,0.028058,0,1,0.53781,0.5,0.5435,0.5
-0.02027,0.028148,0,1,0.5388,0.5,0.54449,0.5
-0.019543,0.028237,0,1,0.53979,0.5,0.54548,0.5
-0.018816,0.028326,0,1,0.54078,0.5,0.54647,0.5
-0.01809,0.028416,0,1,0.54177,0.5,0.54745,0.5
-0.017363,0.028505,0,1,0.54276,0.5,0.54844,0.5
-0.016636,0.028594,0,1,0.54375,0.5,0.54943,0.5
-0.01591,0.028684,0,1,0.54474,0.5,0.55042,0.5
-0.015183,0.028773,0,1,0.54572,0.5,0.55141,0.5
-0.014456,0.028862,0,1,0.54671,0.5,0.5524,0.5
-0.01373,0.028951,0,1,0.5477,0.5,0.55339,0.5
-0.013003,0.029041,0,1,0.54869,0.5,0.55437,0.5
-0.012276,0.02913,0,1,0.54968,0.5,0.55536,0.5
-0.011549,0.029219,0,1,0.55067,0.5,0.55635,0.5
-0.010823,0.029309,0,1,0.55166,0.5,0.55734,0.5
-0.010096,0.029398,0,1,0.55264,0.5,0.55833,0.5
-0.0093694,0.029487,0,1,0.55363,0.5,0.55932,0.5
-0.0086427,0.029577,0,1,0.55462,0.5,0.56031,0.5
-0.007916,0.029666,0,1,0.55561,0.5,0.56129,0.5
-0.0071893,0.029755,0,1,0.5566,0.5,0.56228,0.5
-0.0064627,0.029845,0,1,0.55759,0.5,0.56327,0.5
-0.0057359,0.029934,0,1,0.55858,0.5,0.56426,0.5
-0.0050093,0.030023,0,1,0.55956,0.5,0.56525,0.5
-0.0042785,0.030109,0,1,0.56055,0.5,0.56624,0.5
-0.0035468,0.030194,0,1,0.56154,0.5,0.56723,0.5
-0.0028152,0.030278,0,1,0.56253,0.5,0.56822,0.5
-0.0020836,0.030363,0,1,0.56352,0.5,0.5692,0.5
-0.001352,0.030448,0,1,0.56451,0.5,0.57019,0.5
-0.00062032,0.030533,0,1,0.5655,0.5,0.57118,0.5
0.00011128,0.030618,0,1,0.56649,0.5,0.57217,0.5
0.00084293,0.030702,0,1,0.56747,0.5,0.57316,0.5
0.0015745,0.030787,0,1,0.56846,0.5,0.57415,0.5
0.0023062,0.030872,0,1,0.56945,0.5,0.57514,0.5
0.0030378,0.030957,0,1,0.57044,0.5,0.57612,0.5
0.0037694,0.031042,0,1,0.57143,0.5,0.57711,0.5
0.004501,0.031126,0,1,0.57242,0.5,0.5781,0.5
0.0052327,0.031211,0,1,0.57341,0.5,0.57909,0.5
0.0059643,0.031296,0,1,0.57439,0.5,0.58008,0.5
0.0066959,0.031381,0,1,0.57538,0.5,0.58107,0.5
0.0074275,0.031466,0,1,0.57637,0.5,0.58206,0.5
0.0081591,0.03155,0,1,0.57736,0.5,0.58304,0.5
0.0088908,0.031635,0,1,0.57835,0.5,0.58403,0.5
0.0096224,0.03172,0,1,0.57934,0.5,0.58502,0.5
0.010354,0.031805,0,1,0.58033,0.5,0.58601,0.5
0.011086,0.03189,0,1,0.58131,0.5,0.587,0.5
0.011817,0.031974,0,1,0.5823,0.5,0.58799,0.5
0.012549,0.032059,0,1,0.58329,0.5,0.58898,0.5
0.013281,0.032144,0,1,0.58428,0.5,0.58997,0.5
0.014012,0.032229,0,1,0.58527,0.5,0.59095,0.5
0.014752,0.032311,0,1,0.58626,0.5,0.59194,0.5
0.015495,0.032392,0,1,0.58725,0.5,0.59293,0.5
0.016238,0.032473,0,1,0.58824,0.5,0.59392,0.5
0.016982,0.032554,0,1,0.58922,0.5,0.59491,0.5
0.017725,0.032635,0,1,0.59021,0.5,0.5959,0.5
0.018468,0.032716,0,1,0.5912,0.5,0.59689,0.5
0.019212,0.032797,0,1,0.59219,0.5,0.59787,0.5
0.019955,0.032878,0,1,0.59318,0.5,0.59886,0.5
0.020698,0.032959,0,1,0.59417,0.5,0.59985,0.5
0.021442,0.03304,0,1,0.59516,0.5,0.60084,0.5
0.022185,0.033121,0,1,0.59614,0.5,0.60183,0.5
0.022928,0.033202,0,1,0.59713,0.5,0.60282,0.5
0.023672,0.033283,0,1,0.59812,0.5,0.60381,0.5
0.024415,0.033364,0,1,0.59911,0.5,0.60479,0.5
0.025158,0.033445,0,1,0.6001,0.5,0.60578,0.5
0.025902,0.033526,0,1,0.60109,0.5,0.60677,0.5
0.026645,0.033607,0,1,0.60208,0.5,0.60776,0.5
0.027388,0.033688,0,1,0.60306,0.5,0.60875,0.5
0.028132,0.033768,0,1,0.60405,0.5,0.60974,0.5
0.028875,0.033849,0,1,0.60504,0.5,0.61073,0.5
0.029618,0.03393,0,1,0.60603,0.5,0.61172,0.5
0.030362,0.034011,0,1,0.60702,0.5,0.6127,0.5
0.031105,0.034092,0,1,0.60801,0.5,0.61369,0.5
0.031848,0.034173,0,1,0.609,0.5,0.61468,0.5
0.032592,0.034254,0,1,0.60998,0.5,0.61567,0.5
0.033335,0.034335,0,1,0.61097,0.5,0.61666,0.5
0.034095,0.034414,0,1,0.61196,0.5,0.61765,0.5
0.034859,0.034492,0,1,0.61295,0.5,0.61864,0.5
0.035624,0.03457,0,1,0.61394,0.5,0.61962,0.5
0.036388,0.034648,0,1,0.61493,0.5,0.62061,0.5
0.037152,0.034727,0,1,0.61592,0.5,0.6216,0.5
0.037917,0.034805,0,1,0.61691,0.5,0.62259,0.5
0.038681,0.034883,0,1,0.61789,0.5,0.62358,0.5
0.039446,0.034961,0,1,0.61888,0.5,0.62457,0.5
0.04021,0.035039,0,1,0.61987,0.5,0.62556,0.5
0.040974,0.035117,0,1,0.62086,0.5,0.62654,0.5
0.041739,0.035195,0,1,0.62185,0.5,0.62753,0.5
0.042503,0.035274,0,1,0.62284,0.5,0.62852,0.5
0.043267,0.035352,0,1,0.62383,0.5,0.62951,0.5
0.044032,0.03543,0,1,0.62481,0.5,0.6305,0.5
0.044796,0.035508,0,1,0.6258,0.5,0.63149,0.5
0.04556,0.035586,0,1,0.62679,0.5,0.63248,0.5
0.046325,0.035664,0,1,0.62778,0.5,0.63346,0.5
0.047089,0.035742,0,1,0.62877,0.5,0.63445,0.5
0.047853,0.03582,0,1,0.62976,0.5,0.63544,0.5
0.048618,0.035899,0,1,0.63075,0.5,0.63643,0.5
0.049382,0.035977,0,1,0.63173,0.5,0.63742,0.5
0.050147,0.036055,0,1,0.63272,0.5,0.63841,0.5
0.050911,0.036133,0,1,0.63371,0.5,0.6394,0.5
0.051675,0.036211,0,1,0.6347,0.5,0.64039,0.5
0.05244,0.036289,0,1,0.63569,0.5,0.64137,0.5
0.053213,0.036367,0,1,0.63668,0.5,0.64236,0.5
0.054009,0.036443,0,1,0.63767,0.5,0.64335,0.5
0.054805,0.036519,0,1,0.63866,0.5,0.64434,0.5
0.055602,0.036595,0,1,0.63964,0.5,0.64533,0.5
0.056398,0.036672,0,1,0.64063,0.5,0.64632,0.5
0.057194,0.036748,0,1,0.64162,0.5,0.64731,0.5
0.057991,0.036824,0,1,0.64261,0.5,0.64829,0.5
0.058787,0.0369,0,1,0.6436,0.5,0.64928,0.5
0.059584,0.036976,0,1,0.64459,0.5,0.65027,0.5
0.06038,0.037052,0,1,0.64558,0.5,0.65126,0.5
0.061176,0.037129,0,1,0.64656,0.5,0.65225,0.5
0.061973,0.037205,0,1,0.64755,0.5,0.65324,0.5
0.062769,0.037281,0,1,0.64854,0.5,0.65423,0.5
0.063565,0.037357,0,1,0.64953,0.5,0.65521,0.5
0.064362,0.037433,0,1,0.65052,0.5,0.6562,0.5
0.065158,0.037509,0,1,0.65151,0.5,0.65719,0.5
0.065954,0.037586,0,1,0.6525,0.5,0.65818,0.5
0.066751,0.037662,0,1,0.65348,0.5,0.65917,0.5
0.067547,0.037738,0,1,0.65447,0.5,0.66016,0.5
0.068343,0.037814,0,1,0.65546,0.5,0.66115,0.5
0.06914,0.03789,0,1,0.65645,0.5,0.66214,0.5
0.069936,0.037966,0,1,0.65744,0.5,0.66312,0.5
0.070733,0.038043,0,1,0.65843,0.5,0.66411,0.5
0.071529,0.038119,0,1,0.65942,0.5,0.6651,0.5
0.072325,0.038195,0,1,0.66041,0.5,0.66609,0.5
0.07313,0.038271,0,1,0.66139,0.5,0.66708,0.5
0.07397,0.038345,0,1,0.66238,0.5,0.66807,0.5
0.074809,0.03842,0,1,0.66337,0.5,0.66906,0.5
0.075648,0.038494,0,1,0.66436,0.5,0.67004,0.5
0.076488,0.038569,0,1,0.66535,0.5,0.67103,0.5
0.077327,0.038643,0,1,0.66634,0.5,0.67202,0.5
0.078167,0.038718,0,1,0.66733,0.5,0.67301,0.5
0.079006,0.038792,0,1,0.66831,0.5,0.674,0.5
0.079846,0.038867,0,1,0.6693,0.5,0.67499,0.5
0.080685,0.038941,0,1,0.67029,0.5,0.67598,0.5
0.081525,0.039016,0,1,0.67128,0.5,0.67696,0.5
0.082364,0.03909,0,1,0.67227,0.5,0.67795,0.5
0.083204,0.039164,0,1,0.67326,0.5,0.67894,0.5
0.084043,0.039239,0,1,0.67425,0.5,0.67993,0.5
0.084883,0.039313,0,1,0.67523,0.5,0.68092,0.5
0.085722,0.039388,0,1,0.67622,0.5,0.68191,0.5
0.086562,0.039462,0,1,0.67721,0.5,0.6829,0.5
0.087401,0.039537,0,1,0.6782,0.5,0.68389,0.5
0.088241,0.039611,0,1,0.67919,0.5,0.68487,0.5
0.08908,0.039686,0,1,0.68018,0.5,0.68586,0.5
0.08992,0.03976,0,1,0.68117,0.5,0.68685,0.5
0.090759,0.039835,0,1,0.68216,0.5,0.68784,0.5
0.091599,0.039909,0,1,0.68314,0.5,0.68883,0.5
0.092438,0.039984,0,1,0.68413,0.5,0.68982,0.5
0.093278,0.040058,0,1,0.68512,0.5,0.69081,0.5
0.09415,0.040131,0,1,0.68611,0.5,0.69179,0.5
0.095042,0.040203,0,1,0.6871,0.5,0.69278,0.5
0.095935,0.040276,0,1,0.68809,0.5,0.69377,0.5
0.096827,0.040348,0,1,0.68908,0.5,0.69476,0.5
0.097719,0.04042,0,1,0.69006,0.5,0.69575,0.5
0.098612,0.040492,0,1,0.69105,0.5,0.69674,0.5
0.099504,0.040564,0,1,0.69204,0.5,0.69773,0.5
0.1004,0.040636,0,1,0.69303,0.5,0.69871,0.5
0.10129,0.040708,0,1,0.69402,0.5,0.6997,0.5
0.10218,0.04078,0,1,0.69501,0.5,0.70069,0.5
0.10307,0.040853,0,1,0.696,0.5,0.70168,0.5
0.10397,0.040925,0,1,0.69698,0.5,0.70267,0.5
0.10486,0.040997,0,1,0.69797,0.5,0.70366,0.5
0.10575,0.041069,0,1,0.69896,0.5,0.70465,0.5
0.10664,0.041141,0,1,0.69995,0.5,0.70563,0.5
0.10753,0.041213,0,1,0.70094,0.5,0.70662,0.5
0.10843,0.041285,0,1,0.70193,0.5,0.70761,0.5
0.10932,0.041358,0,1,0.70292,0.5,0.7086,0.5
0.11021,0.04143,0,1,0.7039,0.5,0.70959,0.5
0.1111,0.041502,0,1,0.70489,0.5,0.71058,0.5
0.112,0.041574,0,1,0.70588,0.5,0.71157,0.5
0.11289,0.041646,0,1,0.70687,0.5,0.71256,0.5
0.11378,0.041718,0,1,0.70786,0.5,0.71354,0.5
0.11467,0.04179,0,1,0.70885,0.5,0.71453,0.5
0.1156,0.04186,0,1,0.70984,0.5,0.71552,0.5
0.11655,0.041928,0,1,0.71083,0.5,0.71651,0.5
0.1175,0.041996,0,1,0.71181,0.5,0.7175,0.5
0.11846,0.042064,0,1,0.7128,0.5,0.71849,0.5
0.11941,0.042132,0,1,0.71379,0.5,0.71948,0.5
0.12036,0.0422,0,1,0.71478,0.5,0.72046,0.5
0.12131,0.042268,0,1,0.71577,0.5,0.72145,0.5
0.12226,0.042336,0,1,0.71676,0.5,0.72244,0.5
0.12321,0.042404,0,1,0.71775,0.5,0.72343,0.5
0.12417,0.042472,0,1,0.71873,0.5,0.72442,0.5
0.12512,0.04254,0,1,0.71972,0.5,0.72541,0.5
0.12607,0.042609,0,1,0.72071,0.5,0.7264,0.5
0.12702,0.042677,0,1,0.7217,0.5,0.72738,0.5
0.12797,0.042745,0,1,0.72269,0.5,0.72837,0.5
0.12892,0.042813,0,1,0.72368,0.5,0.72936,0.5
0.12988,0.042881,0,1,0.72467,0.5,0.73035,0.5
0.13083,0.042949,0,1,0.72565,0.5,0.73134,0.5
0.13178,0.043017,0,1,0.72664,0.5,0.73233,0.5
0.13273,0.043085,0,1,0.72763,0.5,0.73332,0.5
0.13368,0.043153,0,1,0.72862,0.5,0.73431,0.5
0.13463,0.043221,0,1,0.72961,0.5,0.73529,0.5
0.13558,0.043289,0,1,0.7306,0.5,0.73628,0.5
0.13654,0.043357,0,1,0.73159,0.5,0.73727,0.5
0.1375,0.043424,0,1,0.73258,0.5,0.73826,0.5
0.13851,0.043485,0,1,0.73356,0.5,0.73925,0.5
0.13953,0.043546,0,1,0.73455,0.5,0.74024,0.5
0.14054,0.043607,0,1,0.73554,0.5,0.74123,0.5
0.14155,0.043668,0,1,0.73653,0.5,0.74221,0.5
0.14256,0.043729,0,1,0.73752,0.5,0.7432,0.5
0.14358,0.04379,0,1,0.73851,0.5,0.74419,0.5
0.14459,0.043852,0,1,0.7395,0.5,0.74518,0.5
0.1456,0.043913,0,1,0.74048,0.5,0.74617,0.5
0.14661,0.043974,0,1,0.74147,0.5,0.74716,0.5
0.14763,0.044035,0,1,0.74246,0.5,0.74815,0.5
0.14864,0.044096,0,1,0.74345,0.5,0.74913,0.5
0.14965,0.044157,0,1,0.74444,0.5,0.75012,0.5
0.15066,0.044218,0,1,0.74543,0.5,0.75111,0.5
0.15168,0.04428,0,1,0.74642,0.5,0.7521,0.5
0.15269,0.044341,0,1,0.7474,0.5,0.75309,0.5
0.1537,0.044402,0,1,0.74839,0.5,0.75408,0.5
0.15471,0.044463,0,1,0.74938,0.5,0.75507,0.5
0.15573,0.044524,0,1,0.75037,0.5,0.75606,0.5
0.15674,0.044585,0,1,0.75136,0.5,0.75704,0.5
0.15775,0.044646,0,1,0.75235,0.5,0.75803,0.5
0.15876,0.044708,0,1,0.75334,0.5,0.75902,0.5
0.15978,0.044769,0,1,0.75433,0.5,0.76001,0.5
0.16082,0.044825,0,1,0.75531,0.5,0.761,0.5
0.16188,0.044875,0,1,0.7563,0.5,0.76199,0.5
0.16295,0.044926,0,1,0.75729,0.5,0.76298,0.5
0.16402,0.044976,0,1,0.75828,0.5,0.76396,0.5
0.16509,0.045026,0,1,0.75927,0.5,0.76495,0.5
0.16616,0.045077,0,1,0.76026,0.5,0.76594,0.5
0.16723,0.045127,0,1,0.76125,0.5,0.76693,0.5
0.1683,0.045178,0,1,0.76223,0.5,0.76792,0.5
0.16937,0.045228,0,1,0.76322,0.5,0.76891,0.5
0.17043,0.045279,0,1,0.76421,0.5,0.7699,0.5
0.1715,0.045329,0,1,0.7652,0.5,0.77088,0.5
0.17257,0.04538,0,1,0.76619,0.5,0.77187,0.5
0.17364,0.04543,0,1,0.76718,0.5,0.77286,0.5
0.17471,0.045481,0,1,0.76817,0.5,0.77385,0.5
0.17578,0.045531,0,1,0.76915,0.5,0.77484,0.5
0.17685,0.045582,0,1,0.77014,0.5,0.77583,0.5
0.17792,0.045632,0,1,0.77113,0.5,0.77682,0.5
0.17898,0.045683,0,1,0.77212,0.5,0.7778,0.5
0.18005,0.045733,0,1,0.77311,0.5,0.77879,0.5
0.18112,0.045784,0,1,0.7741,0.5,0.77978,0.5
0.18219,0.045834,0,1,0.77509,0.5,0.78077,0.5
0.18326,0.045885,0,1,0.77607,0.5,0.78176,0.5
0.18435,0.045928,0,1,0.77706,0.5,0.78275,0.5
0.18546,0.045963,0,1,0.77805,0.5,0.78374,0.5
0.18658,0.045999,0,1,0.77904,0.5,0.78473,0.5
0.18769,0.046034,0,1,0.78003,0.5,0.78571,0.5
0.1888,0.046069,0,1,0.78102,0.5,0.7867,0.5
0.18992,0.046105,0,1,0.78201,0.5,0.78769,0.5
0.19103,0.04614,0,1,0.783,0.5,0.78868,0.5
0.19214,0.046175,0,1,0.78398,0.5,0.78967,0.5
0.19325,0.046211,0,1,0.78497,0.5,0.79066,0.5
0.19437,0.046246,0,1,0.78596,0.5,0.79165,0.5
0.19548,0.046281,0,1,0.78695,0.5,0.79263,0.5
0.19659,0.046316,0,1,0.78794,0.5,0.79362,0.5
0.19771,0.046352,0,1,0.78893,0.5,0.79461,0.5
0.19882,0.046387,0,1,0.78992,0.5,0.7956,0.5
0.19993,0.046422,0,1,0.7909,0.5,0.79659,0.5
0.20105,0.046458,0,1,0.79189,0.5,0.79758,0.5
0.20216,0.046493,0,1,0.79288,0.5,0.79857,0.5
0.20327,0.046528,0,1,0.79387,0.5,0.79955,0.5
0.20438,0.046564,0,1,0.79486,0.5,0.80054,0.5
0.2055,0.046599,0,1,0.79585,0.5,0.80153,0.5
0.20661,0.046634,0,1,0.79684,0.5,0.80252,0.5
0.20773,0.046665,0,1,0.79782,0.5,0.80351,0.5
0.20887,0.046681,0,1,0.79881,0.5,0.8045,0.5
0.21001,0.046696,0,1,0.7998,0.5,0.80549,0.5
0.21114,0.046711,0,1,0.80079,0.5,0.80648,0.5
0.21228,0.046726,0,1,0.80178,0.5,0.80746,0.5
0.21342,0.046741,0,1,0.80277,0.5,0.80845,0.5
0.21456,0.046757,0,1,0.80376,0.5,0.80944,0.5
0.21569,0.046772,0,1,0.80475,0.5,0.81043,0.5
0.21683,0.046787,0,1,0.80573,0.5,0.81142,0.5
0.21797,0.046802,0,1,0.80672,0.5,0.81241,0.5
0.21911,0.046818,0,1,0.80771,0.5,0.8134,0.5
0.22025,0.046833,0,1,0.8087,0.5,0.81438,0.5
0.22138,0.046848,0,1,0.80969,0.5,0.81537,0.5
0.22252,0.046863,0,1,0.81068,0.5,0.81636,0.5
0.22366,0.046878,0,1,0.81167,0.5,0.81735,0.5
0.2248,0.046894,0,1,0.81265,0.5,0.81834,0.5
0.22594,0.046909,0,1,0.81364,0.5,0.81933,0.5
0.22707,0.046924,0,1,0.81463,0.5,0.82032,0.5
0.22821,0.046939,0,1,0.81562,0.5,0.8213,0.5
0.22935,0.046954,0,1,0.81661,0.5,0.82229,0.5
0.23049,0.04697,0,1,0.8176,0.5,0.82328,0.5
0.23162,0.046967,0,1,0.81859,0.5,0.82427,0.5
0.23276,0.046957,0,1,0.81957,0.5,0.82526,0.5
0.2339,0.046947,0,1,0.82056,0.5,0.82625,0.5
0.23503,0.046937,0,1,0.82155,0.5,0.82724,0.5
0.23617,0.046927,0,1,0.82254,0.5,0.82823,0.5
0.2373,0.046917,0,1,0.82353,0.5,0.82921,0.5
0.23844,0.046907,0,1,0.82452,0.5,0.8302,0.5
0.23958,0.046897,0,1,0.82551,0.5,0.83119,0.5
0.24071,0.046887,0,1,0.8265,0.5,0.83218,0.5
0.24185,0.046878,0,1,0.82748,0.5,0.83317,0.5
0.24299,0.046868,0,1,0.82847,0.5,0.83416,0.5
0.24412,0.046858,0,1,0.82946,0.5,0.83515,0.5
0.24526,0.046848,0,1,0.83045,0.5,0.83613,0.5
0.24639,0.046838,0,1,0.83144,0.5,0.83712,0.5
0.24753,0.046828,0,1,0.83243,0.5,0.83811,0.5
0.24867,0.046818,0,1,0.83342,0.5,0.8391,0.5
0.2498,0.046808,0,1,0.8344,0.5,0.84009,0.5
0.25094,0.046798,0,1,0.83539,0.5,0.84108,0.5
0.25208,0.046788,0,1,0.83638,0.5,0.84207,0.5
0.25321,0.046778,0,1,0.83737,0.5,0.84305,0.5
0.25432,0.046738,0,1,0.83836,0.5,0.84404,0.5
0.25542,0.046698,0,1,0.83935,0.5,0.84503,0.5
0.25652,0.046658,0,1,0.84034,0.5,0.84602,0.5
0.25763,0.046619,0,1,0.84132,0.5,0.84701,0.5
0.25873,0.046579,0,1,0.84231,0.5,0.848,0.5
0.25983,0.046539,0,1,0.8433,0.5,0.84899,0.5
0.26094,0.046499,0,1,0.84429,0.5,0.84997,0.5
0.26204,0.046459,0,1,0.84528,0.5,0.85096,0.5
0.26314,0.046419,0,1,0.84627,0.5,0.85195,0.5
0.26425,0.04638,0,1,0.84726,0.5,0.85294,0.5
0.26535,0.04634,0,1,0.84824,0.5,0.85393,0.5
0.26645,0.0463,0,1,0.84923,0.5,0.85492,0.5
0.26756,0.04626,0,1,0.85022,0.5,0.85591,0.5
0.26866,0.04622,0,1,0.85121,0.5,0.8569,0.5
0.26976,0.04618,0,1,0.8522,0.5,0.85788,0.5
0.27087,0.046141,0,1,0.85319,0.5,0.85887,0.5
0.27197,0.046101,0,1,0.85418,0.5,0.85986,0.5
0.27307,0.046061,0,1,0.85517,0.5,0.86085,0.5
0.27417,0.046017,0,1,0.85615,0.5,0.86184,0.5
0.27521,0.045942,0,1,0.85714,0.5,0.86283,0.5
0.27625,0.045867,0,1,0.85813,0.5,0.86382,0.5
0.27729,0.045792,0,1,0.85912,0.5,0.8648,0.5
0.27833,0.045717,0,1,0.86011,0.5,0.86579,0.5
0.27937,0.045642,0,1,0.8611,0.5,0.86678,0.5
0.28041,0.045568,0,1,0.86209,0.5,0.86777,0.5
0.28145,0.045493,0,1,0.86307,0.5,0.86876,0.5
0.28249,0.045418,0,1,0.86406,0.5,0.86975,0.5
0.28353,0.045343,0,1,0.86505,0.5,0.87074,0.5
0.28457,0.045268,0,1,0.86604,0.5,0.87172,0.5
0.28561,0.045193,0,1,0.86703,0.5,0.87271,0.5
0.28665,0.045118,0,1,0.86802,0.5,0.8737,0.5
0.28769,0.045043,0,1,0.86901,0.5,0.87469,0.5
0.28873,0.044968,0,1,0.86999,0.5,0.87568,0.5
0.28977,0.044893,0,1,0.87098,0.5,0.87667,0.5
0.29081,0.044818,0,1,0.87197,0.5,0.87766,0.5
0.29185,0.044743,0,1,0.87296,0.5,0.87865,0.5
0.29289,0.044667,0,1,0.87395,0.5,0.87963,0.5
0.29386,0.044549,0,1,0.87494,0.5,0.88062,0.5
0.29482,0.04443,0,1,0.87593,0.5,0.88161,0.5
0.29579,0.044312,0,1,0.87692,0.5,0.8826,0.5
0.29675,0.044193,0,1,0.8779,0.5,0.88359,0.5
0.29771,0.044075,0,1,0.87889,0.5,0.88458,0.5
0.29868,0.043956,0,1,0.87988,0.5,0.88557,0.5
0.29964,0.043837,0,1,0.88087,0.5,0.88655,0.5
0.30061,0.043719,0,1,0.88186,0.5,0.88754,0.5
0.30157,0.0436,0,1,0.88285,0.5,0.88853,0.5
0.30254,0.043482,0,1,0.88384,0.5,0.88952,0.5
0.3035,0.043363,0,1,0.88482,0.5,0.89051,0.5
0.30447,0.043245,0,1,0.88581,0.5,0.8915,0.5
0.30543,0.043126,0,1,0.8868,0.5,0.89249,0.5
0.3064,0.043008,0,1,0.88779,0.5,0.89347,0.5
0.30736,0.042889,0,1,0.88878,0.5,0.89446,0.5
0.30833,0.042771,0,1,0.88977,0.5,0.89545,0.5
0.30929,0.042652,0,1,0.89076,0.5,0.89644,0.5
0.31025,0.042486,0,1,0.89174,0.5,0.89743,0.5
0.31121,0.042306,0,1,0.89273,0.5,0.89842,0.5
0.31216,0.042125,0,1,0.89372,0.5,0.89941,0.5
0.31312,0.041945,0,1,0.89471,0.5,0.9004,0.5
0.31408,0.041764,0,1,0.8957,0.5,0.90138,0.5
0.31503,0.041583,0,1,0.89669,0.5,0.90237,0.5
0.31599,0.041403,0,1,0.89768,0.5,0.90336,0.5
0.31695,0.041222,0,1,0.89867,0.5,0.90435,0.5
0.3179,0.041042,0,1,0.89965,0.5,0.90534,0.5
0.31886,0.040861,0,1,0.90064,0.5,0.90633,0.5
0.31982,0.04068,0,1,0.90163,0.5,0.90732,0.5
0.32078,0.0405,0,1,0.90262,0.5,0.9083,0.5
0.32173,0.040319,0,1,0.90361,0.5,0.90929,0.5
0.32269,0.040138,0,1,0.9046,0.5,0.91028,0.5
0.32365,0.039958,0,1,0.90559,0.5,0.91127,0.5
0.3246,0.039777,0,1,0.90657,0.5,0.91226,0.5
0.32565,0.039567,0,1,0.90756,0.5,0.91325,0.5
0.3269,0.03929,0,1,0.90855,0.5,0.91424,0.5
0.32815,0.039013,0,1,0.90954,0.5,0.91522,0.5
0.32939,0.038735,0,1,0.91053,0.5,0.91621,0.5
0.33064,0.038458,0,1,0.91152,0.5,0.9172,0.5
0.33189,0.038181,0,1,0.91251,0.5,0.91819,0.5
0.33314,0.037904,0,1,0.91349,0.5,0.91918,0.5
0.33439,0.037626,0,1,0.91448,0.5,0.92017,0.5
0.33564,0.037349,0,1,0.91547,0.5,0.92116,0.5
0.33688,0.037072,0,1,0.91646,0.5,0.92214,0.5
0.33813,0.036794,0,1,0.91745,0.5,0.92313,0.5
0.33938,0.036517,0,1,0.91844,0.5,0.92412,0.5
0.34063,0.03624,0,1,0.91943,0.5,0.92511,0.5
0.34188,0.035963,0,1,0.92041,0.5,0.9261,0.5
0.34312,0.035685,0,1,0.9214,0.5,0.92709,0.5
0.34437,0.035408,0,1,0.92239,0.5,0.92808,0.5
0.34631,0.03504,0,1,0.92338,0.5,0.92907,0.5
0.34859,0.034625,0,1,0.92437,0.5,0.93005,0.5
0.35088,0.034209,0,1,0.92536,0.5,0.93104,0.5
0.35317,0.033794,0,1,0.92635,0.5,0.93203,0.5
0.35546,0.033378,0,1,0.92734,0.5,0.93302,0.5
0.35775,0.032963,0,1,0.92832,0.5,0.93401,0.5
0.36003,0.032547,0,1,0.92931,0.5,0.935,0.5
0.36232,0.032132,0,1,0.9303,0.5,0.93599,0.5
0.36461,0.031717,0,1,0.93129,0.5,0.93697,0.5
0.3669,0.031301,0,1,0.93228,0.5,0.93796,0.5
0.36919,0.030886,0,1,0.93327,0.5,0.93895,0.5
0.37147,0.03047,0,1,0.93426,0.5,0.93994,0.5
0.37376,0.030055,0,1,0.93524,0.5,0.94093,0.5
0.37605,0.029639,0,1,0.93623,0.5,0.94192,0.5
0.37834,0.029224,0,1,0.93722,0.5,0.94291,0.5
0.38249,0.028688,0,1,0.93821,0.5,0.94389,0.5
0.38709,0.028124,0,1,0.9392,0.5,0.94488,0.5
0.39169,0.027559,0,1,0.94019,0.5,0.94587,0.5
0.39629,0.026994,0,1,0.94118,0.5,0.94686,0.5
0.40089,0.02643,0,1,0.94216,0.5,0.94785,0.5
0.40549,0.025865,0,1,0.94315,0.5,0.94884,0.5
0.41009,0.0253,0,1,0.94414,0.5,0.94983,0.5
0.41469,0.024736,0,1,0.94513,0.5,0.95082,0.5
0.41929,0.024171,0,1,0.94612,0.5,0.9518,0.5
0.42389,0.023606,0,1,0.94711,0.5,0.95279,0.5
0.42849,0.023042,0,1,0.9481,0.5,0.95378,0.5
0.43309,0.022477,0,1,0.94909,0.5,0.95477,0.5
0.43769,0.021912,0,1,0.95007,0.5,0.95576,0.5
0.44229,0.021348,0,1,0.95106,0.5,0.95675,0.5
0.44962,0.020723,0,1,0.95205,0.5,0.95774,0.5
0.45793,0.020076,0,1,0.95304,0.5,0.95872,0.5
0.46625,0.019429,0,1,0.95403,0.5,0.95971,0.5
0.47457,0.018782,0,1,0.95502,0.5,0.9607,0.5
0.48289,0.018135,0,1,0.95601,0.5,0.96169,0.5
0.4912,0.017488,0,1,0.95699,0.5,0.96268,0.5
0.49952,0.016841,0,1,0.95798,0.5,0.96367,0.5
0.50784,0.016194,0,1,0.95897,0.5,0.96466,0.5
0.51615,0.015547,0,1,0.95996,0.5,0.96564,0.5
0.52447,0.0149,0,1,0.96095,0.5,0.96663,0.5
0.53279,0.014253,0,1,0.96194,0.5,0.96762,0.5
0.54111,0.013606,0,1,0.96293,0.5,0.96861,0.5
0.54942,0.012959,0,1,0.96391,0.5,0.9696,0.5
0.55958,0.01234,0,1,0.9649,0.5,0.97059,0.5
0.57227,0.01176,0,1,0.96589,0.5,0.97158,0.5
0.58495,0.01118,0,1,0.96688,0.5,0.97257,0.5
0.59764,0.010599,0,1,0.96787,0.5,0.97355,0.5
0.61032,0.010019,0,1,0.96886,0.5,0.97454,0.5
0.62301,0.0094388,0,1,0.96985,0.5,0.97553,0.5
0.63569,0.0088586,0,1,0.97084,0.5,0.97652,0.5
0.64837,0.0082784,0,1,0.97182,0.5,0.97751,0.5
0.66106,0.0076982,0,1,0.97281,0.5,0.9785,0.5
0.67374,0.0071179,0,1,0.9738,0.5,0.97949,0.5
0.68643,0.0065377,0,1,0.97479,0.5,0.98047,0.5
0.69911,0.0059575,0,1,0.97578,0.5,0.98146,0.5
0.7118,0.0053773,0,1,0.97677,0.5,0.98245,0.5
0.72734,0.004992,0,1,0.97776,0.5,0.98344,0.5
0.74339,0.0046407,0,1,0.97874,0.5,0.98443,0.5
0.75943,0.0042894,0,1,0.97973,0.5,0.98542,0.5
0.77548,0.0039381,0,1,0.98072,0.5,0.98641,0.5
0.79152,0.0035868,0,1,0.98171,0.5,0.98739,0.5
0.80756,0.0032355,0,1,0.9827,0.5,0.98838,0.5
0.82361,0.0028842,0,1,0.98369,0.5,0.98937,0.5
0.83965,0.0025329,0,1,0.98468,0.5,0.99036,0.5
0.8557,0.0021816,0,1,0.98566,0.5,0.99135,0.5
0.87174,0.0018302,0,1,0.98665,0.5,0.99234,0.5
0.88779,0.0014789,0,1,0.98764,0.5,0.99333,0.5
nan,nan,nan,0,0.98863,0.5,0.99432,0.5
