3.28904593006  -3.13883047177e-05
71.8384130073  0.00504454897248
121.60591535  0.00743454417455
176.076282549  0.0183756103904
198.616672571  0.0238909839337
223.043051302  0.0379843327519
189.267441808  0.0669602220498
143.277297736  0.0874567850305
108.541206118  0.0935192118845
68.1821239121  0.111096662526
32.5232161354  0.134359880366
3.46123320165  0.183348055943
3.53656513297  0.263576562801
5.47905279064  0.33232591822
5.54631344361  0.403958513629
5.64854963612  0.512840058651
3.87017797169  0.618874236031
3.0065511876  0.699111710976
7.80627138328  0.81081371938
-26.8813925646  0.868451614928
-84.120208239  0.909112921668
-120.726146009  0.923789196146
-162.968526498  0.935653975329
-206.13103272  0.967584849314
-167.614892405  0.987274284459
-134.743266088  0.995556312861
-105.632855484  0.998143605978
-67.1328577258  1.00064121822
0.477550636062  1.00572612359
