0.00152543867384  -0.571378185345
0.00890574023455  -11.4496076184
0.0253681333216  -28.0680715986
0.0388501895776  -41.2494489022
0.0660259236399  -60.7556652852
0.0996208447227  -72.2802222026
0.128992152368  -70.6498545102
0.177197777974  -58.7875848691
0.234697116656  -45.809011551
0.271995414866  -37.3441495459
0.312379860682  -28.8881051054
0.35272903624  -21.5748170355
0.39463892073  -13.6945595626
0.450418834318  -6.42535931576
0.509284895512  0.835023366546
0.566572612644  6.95705846045
0.617688034565  13.0967286835
0.668891632131  22.0932898333
0.712397495812  31.68327308
0.757499338683  42.9829821003
0.804161890486  54.8496605238
0.846230491138  67.8723216648
0.891226523234  75.7437615731
0.926452693766  67.0716868001
0.956732210563  48.1280310378
0.977753284543  29.2108279693
0.992707874085  13.7395291421
1.00925844282  -0.0220439114717
