0.003906 0.029230 
0.011719 0.080935 
0.019531 0.126006 
0.027344 0.164668 
0.035156 0.197369 
0.042969 0.224775 
0.050781 0.247702 
0.058594 0.267005 
0.066406 0.283480 
0.074219 0.297789 
0.082031 0.310429 
0.089844 0.321725 
0.097656 0.331859 
0.105469 0.340901 
0.113281 0.348846 
0.121094 0.355652 
0.128906 0.361259 
0.136719 0.365613 
0.144531 0.368673 
0.152344 0.370419 
0.160156 0.370853 
0.167969 0.370001 
0.175781 0.367910 
0.183594 0.364648 
0.191406 0.360298 
0.199219 0.354958 
0.207031 0.348734 
0.214844 0.341740 
0.222656 0.334091 
0.230469 0.325900 
0.238281 0.317276 
0.246094 0.308320 
0.253906 0.299126 
0.261719 0.289773 
0.269531 0.280333 
0.277344 0.270863 
0.285156 0.261409 
0.292969 0.252007 
0.300781 0.242681 
0.308594 0.233448 
0.316406 0.224318 
0.324219 0.215293 
0.332031 0.206371 
0.339844 0.197549 
0.347656 0.188817 
0.355469 0.180167 
0.363281 0.171590 
0.371094 0.163074 
0.378906 0.154612 
0.386719 0.146193 
0.394531 0.137810 
0.402344 0.129456 
0.410156 0.121124 
0.417969 0.112810 
0.425781 0.104509 
0.433594 0.096217 
0.441406 0.087932 
0.449219 0.079651 
0.457031 0.071372 
0.464844 0.063093 
0.472656 0.054813 
0.480469 0.046531 
0.488281 0.038244 
0.496094 0.029953 
0.503906 0.021654 
0.511719 0.013348 
0.519531 0.005032 
0.527344 -0.003294 
0.535156 -0.011633 
0.542969 -0.019987 
0.550781 -0.028356 
0.558594 -0.036744 
0.566406 -0.045151 
0.574219 -0.053581 
0.582031 -0.062034 
0.589844 -0.070513 
0.597656 -0.079019 
0.605469 -0.087554 
0.613281 -0.096120 
0.621094 -0.104717 
0.628906 -0.113347 
0.636719 -0.122009 
0.644531 -0.130703 
0.652344 -0.139429 
0.660156 -0.148184 
0.667969 -0.156966 
0.675781 -0.165773 
0.683594 -0.174599 
0.691406 -0.183441 
0.699219 -0.192294 
0.707031 -0.201152 
0.714844 -0.210010 
0.722656 -0.218865 
0.730469 -0.227717 
0.738281 -0.236569 
0.746094 -0.245429 
0.753906 -0.254316 
0.761719 -0.263260 
0.769531 -0.272305 
0.777344 -0.281516 
0.785156 -0.290981 
0.792969 -0.300814 
0.800781 -0.311157 
0.808594 -0.322180 
0.816406 -0.334073 
0.824219 -0.347037 
0.832031 -0.361263 
0.839844 -0.376897 
0.847656 -0.394006 
0.855469 -0.412513 
0.863281 -0.432144 
0.871094 -0.452355 
0.878906 -0.472278 
0.886719 -0.490677 
0.894531 -0.505956 
0.902344 -0.516217 
0.910156 -0.519400 
0.917969 -0.513507 
0.925781 -0.496900 
0.933594 -0.468628 
0.941406 -0.428720 
0.949219 -0.378352 
0.957031 -0.319817 
0.964844 -0.256273 
0.972656 -0.191323 
0.980469 -0.128519 
0.988281 -0.070917 
0.996094 -0.020751 
