0.00153195985209  -0.230322239831
0.0105564359923  -5.95492164113
0.0211480894524  -10.9955978165
0.0317309385455  -16.2648353583
0.0544990315196  -25.2051417503
0.0712625462229  -30.0243000528
0.0911428068322  -33.9327346364
0.111093502377  -36.0126782884
0.143396724775  -37.4210248283
0.19283324529  -34.0489522803
0.225321359394  -30.657510125
0.259394259553  -26.1250220109
0.295043141398  -20.6800493045
0.321394611727  -16.5958795563
0.355467511886  -12.0633914422
0.395703468921  -7.53794682162
0.434363444268  -3.92498679345
0.493097376299  0.807888712802
0.533271702765  3.73340376827
0.578085930622  7.11075893643
0.624458531432  10.9434759641
0.655405881317  14.3366789928
0.698740975524  19.3157245994
0.72971473851  23.3946117274
0.760688501497  27.4734988554
0.800977284733  33.3703116746
0.833438985737  36.0760697306
0.86430709632  37.4122204613
0.901170980806  34.3986617362
0.933280507132  27.9619651347
0.951558372953  22.4553618595
0.968260257088  16.0362739919
0.986450079239  8.2440570523
0.998591301285  3.43018136996
1.00154076422  -0.0017608733932
