-1.23446964673  0.000106114869346
16.0507582792  0.00148560817084
30.8670469116  0.00307733121104
49.0860856878  0.0129725427776
56.1895918999  0.0180925852235
63.2984038555  0.0289428306141
68.8720873679  0.0485210240085
62.1116859  0.0806207719857
51.0226820533  0.104496617589
40.2369898749  0.122615731529
29.4592563116  0.149330149887
18.9901401601  0.176018039528
8.23362957068  0.225653269664
1.50771543529  0.294999336782
-0.277667241456  0.366786045895
0.743688376  0.469850112747
1.15311491356  0.578697439979
0.892249193085  0.630295795198
-1.52628553743  0.684944952912
-6.41906530486  0.734076137419
-14.7092894725  0.780634036344
-24.2445947738  0.81583764425
-34.7137109254  0.84252553389
-47.6491134987  0.872290754742
-57.814917982  0.893221912721
-64.5832780652  0.916726356281
-67.9621523633  0.934208781005
-59.2943361188  0.962116991643
-48.7907326347  0.972675421143
-40.1414864925  0.980527921475
-33.0379802803  0.985647963921
-22.8482999514  0.990502719194
-15.747446611  0.992757660167
-4.94318433037  0.994694256533
