0.0001  29.9284436494
0.000110692360052  28.801431127
0.000119689016583  27.862254025
0.000133525929807  26.4221824687
0.000145511034263  25.4203935599
0.000163606632231  23.9803220036
0.00018395257958  22.6654740608
0.000203621451714  21.5384615385
0.000228943599595  20.4740608229
0.000269771132501  19.0966010733
0.000298616033304  18.5330948122
0.000346411866198  17.5939177102
0.000392546765045  16.7799642218
0.000466178281101  15.7781753131
0.000566752787935  14.7137745975
0.00072209990036  13.5241502683
0.000891715353463  12.5849731664
0.00117220757864  11.457960644
0.00147035029994  10.7066189624
0.00190288159123  9.83005366726
0.00231341418222  9.20393559928
0.00323728545113  8.26475849732
0.00445986042137  7.51341681574
0.00600178650923  6.88729874776
0.00782825850252  6.38640429338
0.0112143409454  5.8228980322
0.0136337518356  5.57245080501
0.0177827941004  5.25939177102
0.0221321000308  5.07155635063
0.0269069364744  4.88372093023
