0.0001  28.5509838998
0.000106450896002  27.7996422182
0.000117833009081  26.4847942755
0.000129416887344  25.4830053667
0.000142139548675  24.3559928444
0.000158571905268  23.1037567084
0.000172805102154  22.1019677996
0.000192782617814  20.9749552773
0.000215069678315  19.8479427549
0.000253423073579  18.4704830054
0.000322886415516  17.030411449
0.000405010295574  15.6529516995
0.000484752839834  14.7137745975
0.000584747435462  13.7119856887
0.000780789450225  12.397137746
0.00113613480444  10.9570661896
0.00154092962747  9.95527728086
0.00200986746854  9.14132379249
0.00250143974065  8.45259391771
0.00328827647759  7.82647584973
0.00415698330709  7.26296958855
0.00624092363882  6.44901610018
0.0082040282908  6.01073345259
0.0111270513046  5.57245080501
0.0146271047331  5.25939177102
0.0221321000308  4.88372093023
0.0266974995729  4.75849731664
