-0.0247313254611  0.00147273450975
0.32214408916  0.00656759984079
0.755702976427  0.0115076732564
1.05304497811  0.0166909911105
1.4744327982  0.0302242271461
1.82144973685  0.0410331254699
2.31727920039  0.0601477157136
2.78841271947  0.0821635487152
3.19784175844  0.11286099686
3.4342576622  0.158153111318
3.43524833046  0.198151342267
3.16380522754  0.238636062094
2.73152005661  0.285122285613
2.39794790146  0.317146521605
1.99007562691  0.349303436381
1.59458670559  0.381438238026
1.19902702225  0.410716023175
0.890009287515  0.434124983415
0.531458139843  0.457622396179
0.0493565078944  0.492769006236
-0.333890584229  0.519167661758
-0.704683561099  0.548401220645
-1.00138870461  0.568931051258
-1.3722524435  0.595307593649
-1.90374596435  0.636256689222
-2.38570607227  0.677117332272
-2.80567865198  0.720724426164
-3.21312635443  0.770023439919
-3.39781522268  0.813210384326
-3.27263721198  0.86727256645
-2.99935429658  0.90107027553
-2.75119189775  0.920627128389
-2.39165008182  0.937127946575
-1.84621644332  0.959011100792
-1.30078280483  0.980894255009
-0.879536508779  0.988713458051
-0.557286276591  0.999566582637
-0.198098270753  1.00178231834
