0.000738581659435  -0.0570642258301
0.00973345115469  -0.513929738023
0.0187678875246  -0.902423690886
0.0354255417365  -1.45133054607
0.0506192215877  -1.86331842981
0.0689123066169  -2.25286749933
0.0872581474789  -2.55125448974
0.108690204561  -2.8499931857
0.143997045673  -3.17310507643
0.174780074122  -3.31336525061
0.216457182047  -3.29532275579
0.248954775062  -3.13948202565
0.281478745994  -2.93806025595
0.30941295947  -2.6677393686
0.337360361905  -2.37462796147
0.365334142256  -2.03593551479
0.404202002084  -1.5389403991
0.435314754488  -1.10943757886
0.475791667216  -0.498665717062
0.511612877699  0.0670526635101
0.552129357302  0.746196084638
0.597275161235  1.42481194744
0.659474288126  2.23823654836
0.704514580393  2.73452825295
0.768072169979  3.22870972422
0.814444547025  3.3601772596
0.856029332243  3.21868611598
0.891336173356  2.89557422526
0.923477664499  2.43607092142
0.952427427757  1.79459516493
0.97517838066  1.10824177998
0.990253359887  0.491139218246
0.996241146912  0.171368530266
