-0.00013066 0.023778 0 1 0 0.0056845 0.5 0.5
-0.00018039 0.027387 0 1 0.00098863 0.0066732 0.5 0.5
-0.00023012 0.030997 0 1 0.0019773 0.0076618 0.5 0.5
-0.00027985 0.034606 0 1 0.0029659 0.0086504 0.5 0.5
-0.00032958 0.038216 0 1 0.0039545 0.0096391 0.5 0.5
-0.00037931 0.041825 0 1 0.0049432 0.010628 0.5 0.5
-0.00042904 0.045435 0 1 0.0059318 0.011616 0.5 0.5
-0.00047877 0.049044 0 1 0.0069204 0.012605 0.5 0.5
-0.00052851 0.052653 0 1 0.007909 0.013594 0.5 0.5
-0.00057824 0.056263 0 1 0.0088977 0.014582 0.5 0.5
-0.00062797 0.059872 0 1 0.0098863 0.015571 0.5 0.5
-0.0006777 0.063482 0 1 0.010875 0.016559 0.5 0.5
-0.00073571 0.067014 0 1 0.011864 0.017548 0.5 0.5
-0.00084156 0.0701 0 1 0.012852 0.018537 0.5 0.5
-0.00094741 0.073185 0 1 0.013841 0.019525 0.5 0.5
-0.0010533 0.076271 0 1 0.014829 0.020514 0.5 0.5
-0.0011591 0.079356 0 1 0.015818 0.021503 0.5 0.5
-0.001265 0.082442 0 1 0.016807 0.022491 0.5 0.5
-0.0013708 0.085528 0 1 0.017795 0.02348 0.5 0.5
-0.0014767 0.088613 0 1 0.018784 0.024469 0.5 0.5
-0.0015825 0.091699 0 1 0.019773 0.025457 0.5 0.5
-0.0016884 0.094785 0 1 0.020761 0.026446 0.5 0.5
-0.0017942 0.09787 0 1 0.02175 0.027434 0.5 0.5
-0.0019001 0.10096 0 1 0.022739 0.028423 0.5 0.5
-0.0020059 0.10404 0 1 0.023727 0.029412 0.5 0.5
-0.0021474 0.10683 0 1 0.024716 0.0304 0.5 0.5
-0.002315 0.10941 0 1 0.025704 0.031389 0.5 0.5
-0.0024825 0.11199 0 1 0.026693 0.032378 0.5 0.5
-0.0026501 0.11457 0 1 0.027682 0.033366 0.5 0.5
-0.0028176 0.11715 0 1 0.02867 0.034355 0.5 0.5
-0.0029852 0.11972 0 1 0.029659 0.035343 0.5 0.5
-0.0031527 0.1223 0 1 0.030648 0.036332 0.5 0.5
-0.0033203 0.12488 0 1 0.031636 0.037321 0.5 0.5
-0.0034878 0.12746 0 1 0.032625 0.038309 0.5 0.5
-0.0036554 0.13004 0 1 0.033613 0.039298 0.5 0.5
-0.0038229 0.13262 0 1 0.034602 0.040287 0.5 0.5
-0.0039904 0.13519 0 1 0.035591 0.041275 0.5 0.5
-0.004158 0.13777 0 1 0.036579 0.042264 0.5 0.5
-0.0043425 0.14022 0 1 0.037568 0.043253 0.5 0.5
-0.0045736 0.14233 0 1 0.038557 0.044241 0.5 0.5
-0.0048046 0.14443 0 1 0.039545 0.04523 0.5 0.5
-0.0050357 0.14654 0 1 0.040534 0.046218 0.5 0.5
-0.0052668 0.14864 0 1 0.041522 0.047207 0.5 0.5
-0.0054979 0.15075 0 1 0.042511 0.048196 0.5 0.5
-0.0057289 0.15285 0 1 0.0435 0.049184 0.5 0.5
-0.00596 0.15495 0 1 0.044488 0.050173 0.5 0.5
-0.0061911 0.15706 0 1 0.045477 0.051162 0.5 0.5
-0.0064221 0.15916 0 1 0.046466 0.05215 0.5 0.5
-0.0066532 0.16127 0 1 0.047454 0.053139 0.5 0.5
-0.0068843 0.16337 0 1 0.048443 0.054127 0.5 0.5
-0.0071154 0.16548 0 1 0.049432 0.055116 0.5 0.5
-0.0073464 0.16758 0 1 0.05042 0.056105 0.5 0.5
-0.0075893 0.1696 0 1 0.051409 0.057093 0.5 0.5
-0.0078811 0.17129 0 1 0.052397 0.058082 0.5 0.5
-0.0081729 0.17297 0 1 0.053386 0.059071 0.5 0.5
-0.0084648 0.17465 0 1 0.054375 0.060059 0.5 0.5
-0.0087566 0.17633 0 1 0.055363 0.061048 0.5 0.5
-0.0090484 0.17801 0 1 0.056352 0.062036 0.5 0.5
-0.0093402 0.1797 0 1 0.057341 0.063025 0.5 0.5
-0.009632 0.18138 0 1 0.058329 0.064014 0.5 0.5
-0.0099238 0.18306 0 1 0.059318 0.065002 0.5 0.5
-0.010216 0.18474 0 1 0.060306 0.065991 0.5 0.5
-0.010507 0.18642 0 1 0.061295 0.06698 0.5 0.5
-0.010799 0.1881 0 1 0.062284 0.067968 0.5 0.5
-0.011091 0.18979 0 1 0.063272 0.068957 0.5 0.5
-0.011383 0.19147 0 1 0.064261 0.069946 0.5 0.5
-0.011675 0.19315 0 1 0.06525 0.070934 0.5 0.5
-0.011985 0.19471 0 1 0.066238 0.071923 0.5 0.5
-0.01233 0.19603 0 1 0.067227 0.072911 0.5 0.5
-0.012675 0.19736 0 1 0.068216 0.0739 0.5 0.5
-0.01302 0.19868 0 1 0.069204 0.074889 0.5 0.5
-0.013366 0.20001 0 1 0.070193 0.075877 0.5 0.5
-0.013711 0.20133 0 1 0.071181 0.076866 0.5 0.5
-0.014056 0.20266 0 1 0.07217 0.077855 0.5 0.5
-0.014401 0.20398 0 1 0.073159 0.078843 0.5 0.5
-0.014747 0.2053 0 1 0.074147 0.079832 0.5 0.5
-0.015092 0.20663 0 1 0.075136 0.08082 0.5 0.5
-0.015437 0.20795 0 1 0.076125 0.081809 0.5 0.5
-0.015782 0.20928 0 1 0.077113 0.082798 0.5 0.5
-0.016128 0.2106 0 1 0.078102 0.083786 0.5 0.5
-0.016473 0.21193 0 1 0.07909 0.084775 0.5 0.5
-0.016818 0.21325 0 1 0.080079 0.085764 0.5 0.5
-0.017163 0.21457 0 1 0.081068 0.086752 0.5 0.5
-0.017538 0.2157 0 1 0.082056 0.087741 0.5 0.5
-0.017926 0.21674 0 1 0.083045 0.08873 0.5 0.5
-0.018314 0.21777 0 1 0.084034 0.089718 0.5 0.5
-0.018702 0.21881 0 1 0.085022 0.090707 0.5 0.5
-0.019089 0.21984 0 1 0.086011 0.091695 0.5 0.5
-0.019477 0.22088 0 1 0.086999 0.092684 0.5 0.5
-0.019865 0.22192 0 1 0.087988 0.093673 0.5 0.5
-0.020253 0.22295 0 1 0.088977 0.094661 0.5 0.5
-0.020641 0.22399 0 1 0.089965 0.09565 0.5 0.5
-0.021029 0.22503 0 1 0.090954 0.096639 0.5 0.5
-0.021416 0.22606 0 1 0.091943 0.097627 0.5 0.5
-0.021804 0.2271 0 1 0.092931 0.098616 0.5 0.5
-0.022192 0.22813 0 1 0.09392 0.099604 0.5 0.5
-0.02258 0.22917 0 1 0.094909 0.10059 0.5 0.5
-0.022968 0.23021 0 1 0.095897 0.10158 0.5 0.5
-0.023356 0.23124 0 1 0.096886 0.10257 0.5 0.5
-0.02375 0.23223 0 1 0.097874 0.10356 0.5 0.5
-0.024168 0.23304 0 1 0.098863 0.10455 0.5 0.5
-0.024586 0.23385 0 1 0.099852 0.10554 0.5 0.5
-0.025003 0.23467 0 1 0.10084 0.10652 0.5 0.5
-0.025421 0.23548 0 1 0.10183 0.10751 0.5 0.5
-0.025839 0.23629 0 1 0.10282 0.1085 0.5 0.5
-0.026256 0.23711 0 1 0.10381 0.10949 0.5 0.5
-0.026674 0.23792 0 1 0.10479 0.11048 0.5 0.5
-0.027092 0.23873 0 1 0.10578 0.11147 0.5 0.5
-0.027509 0.23955 0 1 0.10677 0.11246 0.5 0.5
-0.027927 0.24036 0 1 0.10776 0.11345 0.5 0.5
-0.028344 0.24117 0 1 0.10875 0.11443 0.5 0.5
-0.028762 0.24199 0 1 0.10974 0.11542 0.5 0.5
-0.02918 0.2428 0 1 0.11073 0.11641 0.5 0.5
-0.029597 0.24361 0 1 0.11172 0.1174 0.5 0.5
-0.030015 0.24443 0 1 0.1127 0.11839 0.5 0.5
-0.030433 0.24524 0 1 0.11369 0.11938 0.5 0.5
-0.03085 0.24605 0 1 0.11468 0.12037 0.5 0.5
-0.031284 0.2467 0 1 0.11567 0.12135 0.5 0.5
-0.031718 0.24734 0 1 0.11666 0.12234 0.5 0.5
-0.032152 0.24798 0 1 0.11765 0.12333 0.5 0.5
-0.032587 0.24862 0 1 0.11864 0.12432 0.5 0.5
-0.033021 0.24927 0 1 0.11962 0.12531 0.5 0.5
-0.033455 0.24991 0 1 0.12061 0.1263 0.5 0.5
-0.033889 0.25055 0 1 0.1216 0.12729 0.5 0.5
-0.034324 0.25119 0 1 0.12259 0.12827 0.5 0.5
-0.034758 0.25183 0 1 0.12358 0.12926 0.5 0.5
-0.035192 0.25247 0 1 0.12457 0.13025 0.5 0.5
-0.035627 0.25312 0 1 0.12556 0.13124 0.5 0.5
-0.036061 0.25376 0 1 0.12654 0.13223 0.5 0.5
-0.036495 0.2544 0 1 0.12753 0.13322 0.5 0.5
-0.036929 0.25504 0 1 0.12852 0.13421 0.5 0.5
-0.037364 0.25568 0 1 0.12951 0.1352 0.5 0.5
-0.037798 0.25632 0 1 0.1305 0.13618 0.5 0.5
-0.038232 0.25696 0 1 0.13149 0.13717 0.5 0.5
-0.038666 0.25761 0 1 0.13248 0.13816 0.5 0.5
-0.039104 0.25812 0 1 0.13347 0.13915 0.5 0.5
-0.039543 0.25863 0 1 0.13445 0.14014 0.5 0.5
-0.039982 0.25913 0 1 0.13544 0.14113 0.5 0.5
-0.04042 0.25963 0 1 0.13643 0.14212 0.5 0.5
-0.040859 0.26013 0 1 0.13742 0.1431 0.5 0.5
-0.041298 0.26064 0 1 0.13841 0.14409 0.5 0.5
-0.041736 0.26114 0 1 0.1394 0.14508 0.5 0.5
-0.042175 0.26164 0 1 0.14039 0.14607 0.5 0.5
-0.042614 0.26214 0 1 0.14137 0.14706 0.5 0.5
-0.043052 0.26265 0 1 0.14236 0.14805 0.5 0.5
-0.043491 0.26315 0 1 0.14335 0.14904 0.5 0.5
-0.043929 0.26365 0 1 0.14434 0.15002 0.5 0.5
-0.044368 0.26415 0 1 0.14533 0.15101 0.5 0.5
-0.044807 0.26466 0 1 0.14632 0.152 0.5 0.5
-0.045245 0.26516 0 1 0.14731 0.15299 0.5 0.5
-0.045684 0.26566 0 1 0.14829 0.15398 0.5 0.5
-0.046123 0.26616 0 1 0.14928 0.15497 0.5 0.5
-0.046561 0.26666 0 1 0.15027 0.15596 0.5 0.5
-0.047 0.26717 0 1 0.15126 0.15695 0.5 0.5
-0.047221 0.26755 0 1 0.15225 0.15793 0.5 0.5
-0.047439 0.26792 0 1 0.15324 0.15892 0.5 0.5
-0.047657 0.2683 0 1 0.15423 0.15991 0.5 0.5
-0.047875 0.26868 0 1 0.15521 0.1609 0.5 0.5
-0.048093 0.26905 0 1 0.1562 0.16189 0.5 0.5
-0.048311 0.26943 0 1 0.15719 0.16288 0.5 0.5
-0.048529 0.26981 0 1 0.15818 0.16387 0.5 0.5
-0.048747 0.27018 0 1 0.15917 0.16485 0.5 0.5
-0.048965 0.27056 0 1 0.16016 0.16584 0.5 0.5
-0.049182 0.27094 0 1 0.16115 0.16683 0.5 0.5
-0.0494 0.27131 0 1 0.16214 0.16782 0.5 0.5
-0.049618 0.27169 0 1 0.16312 0.16881 0.5 0.5
-0.049836 0.27207 0 1 0.16411 0.1698 0.5 0.5
-0.050054 0.27244 0 1 0.1651 0.17079 0.5 0.5
-0.050272 0.27282 0 1 0.16609 0.17177 0.5 0.5
-0.05049 0.2732 0 1 0.16708 0.17276 0.5 0.5
-0.050708 0.27357 0 1 0.16807 0.17375 0.5 0.5
-0.050926 0.27395 0 1 0.16906 0.17474 0.5 0.5
-0.051144 0.27433 0 1 0.17004 0.17573 0.5 0.5
-0.051359 0.27467 0 1 0.17103 0.17672 0.5 0.5
-0.051569 0.27491 0 1 0.17202 0.17771 0.5 0.5
-0.051779 0.27516 0 1 0.17301 0.17869 0.5 0.5
-0.051989 0.27541 0 1 0.174 0.17968 0.5 0.5
-0.052199 0.27565 0 1 0.17499 0.18067 0.5 0.5
-0.052409 0.2759 0 1 0.17598 0.18166 0.5 0.5
-0.052619 0.27615 0 1 0.17696 0.18265 0.5 0.5
-0.052829 0.2764 0 1 0.17795 0.18364 0.5 0.5
-0.053039 0.27664 0 1 0.17894 0.18463 0.5 0.5
-0.053249 0.27689 0 1 0.17993 0.18562 0.5 0.5
-0.053459 0.27714 0 1 0.18092 0.1866 0.5 0.5
-0.053669 0.27738 0 1 0.18191 0.18759 0.5 0.5
-0.053879 0.27763 0 1 0.1829 0.18858 0.5 0.5
-0.054089 0.27788 0 1 0.18389 0.18957 0.5 0.5
-0.054299 0.27812 0 1 0.18487 0.19056 0.5 0.5
-0.054509 0.27837 0 1 0.18586 0.19155 0.5 0.5
-0.054719 0.27862 0 1 0.18685 0.19254 0.5 0.5
-0.054929 0.27886 0 1 0.18784 0.19352 0.5 0.5
-0.055139 0.27911 0 1 0.18883 0.19451 0.5 0.5
-0.055349 0.27936 0 1 0.18982 0.1955 0.5 0.5
-0.055559 0.2796 0 1 0.19081 0.19649 0.5 0.5
-0.055911 0.27976 0 1 0.19179 0.19748 0.5 0.5
-0.056303 0.27988 0 1 0.19278 0.19847 0.5 0.5
-0.056695 0.28001 0 1 0.19377 0.19946 0.5 0.5
-0.057087 0.28014 0 1 0.19476 0.20044 0.5 0.5
-0.057479 0.28027 0 1 0.19575 0.20143 0.5 0.5
-0.057871 0.28039 0 1 0.19674 0.20242 0.5 0.5
-0.058263 0.28052 0 1 0.19773 0.20341 0.5 0.5
-0.058655 0.28065 0 1 0.19871 0.2044 0.5 0.5
-0.059047 0.28077 0 1 0.1997 0.20539 0.5 0.5
-0.059439 0.2809 0 1 0.20069 0.20638 0.5 0.5
-0.059831 0.28103 0 1 0.20168 0.20737 0.5 0.5
-0.060223 0.28116 0 1 0.20267 0.20835 0.5 0.5
-0.060615 0.28128 0 1 0.20366 0.20934 0.5 0.5
-0.061007 0.28141 0 1 0.20465 0.21033 0.5 0.5
-0.061399 0.28154 0 1 0.20564 0.21132 0.5 0.5
-0.061791 0.28167 0 1 0.20662 0.21231 0.5 0.5
-0.062183 0.28179 0 1 0.20761 0.2133 0.5 0.5
-0.062575 0.28192 0 1 0.2086 0.21429 0.5 0.5
-0.062967 0.28205 0 1 0.20959 0.21527 0.5 0.5
-0.06336 0.28217 0 1 0.21058 0.21626 0.5 0.5
-0.063752 0.2823 0 1 0.21157 0.21725 0.5 0.5
-0.064128 0.28235 0 1 0.21256 0.21824 0.5 0.5
-0.064491 0.28233 0 1 0.21354 0.21923 0.5 0.5
-0.064853 0.28231 0 1 0.21453 0.22022 0.5 0.5
-0.065215 0.28229 0 1 0.21552 0.22121 0.5 0.5
-0.065578 0.28226 0 1 0.21651 0.22219 0.5 0.5
-0.06594 0.28224 0 1 0.2175 0.22318 0.5 0.5
-0.066302 0.28222 0 1 0.21849 0.22417 0.5 0.5
-0.066664 0.2822 0 1 0.21948 0.22516 0.5 0.5
-0.067027 0.28217 0 1 0.22046 0.22615 0.5 0.5
-0.067389 0.28215 0 1 0.22145 0.22714 0.5 0.5
-0.067751 0.28213 0 1 0.22244 0.22813 0.5 0.5
-0.068114 0.28211 0 1 0.22343 0.22912 0.5 0.5
-0.068476 0.28208 0 1 0.22442 0.2301 0.5 0.5
-0.068838 0.28206 0 1 0.22541 0.23109 0.5 0.5
-0.0692 0.28204 0 1 0.2264 0.23208 0.5 0.5
-0.069563 0.28202 0 1 0.22738 0.23307 0.5 0.5
-0.069925 0.28199 0 1 0.22837 0.23406 0.5 0.5
-0.070287 0.28197 0 1 0.22936 0.23505 0.5 0.5
-0.070649 0.28195 0 1 0.23035 0.23604 0.5 0.5
-0.071012 0.28193 0 1 0.23134 0.23702 0.5 0.5
-0.071374 0.28191 0 1 0.23233 0.23801 0.5 0.5
-0.071736 0.28188 0 1 0.23332 0.239 0.5 0.5
-0.072081 0.28177 0 1 0.23431 0.23999 0.5 0.5
-0.072409 0.28158 0 1 0.23529 0.24098 0.5 0.5
-0.072736 0.28139 0 1 0.23628 0.24197 0.5 0.5
-0.073064 0.28119 0 1 0.23727 0.24296 0.5 0.5
-0.073392 0.281 0 1 0.23826 0.24394 0.5 0.5
-0.073719 0.2808 0 1 0.23925 0.24493 0.5 0.5
-0.074047 0.28061 0 1 0.24024 0.24592 0.5 0.5
-0.074374 0.28041 0 1 0.24123 0.24691 0.5 0.5
-0.074702 0.28022 0 1 0.24221 0.2479 0.5 0.5
-0.075029 0.28003 0 1 0.2432 0.24889 0.5 0.5
-0.075357 0.27983 0 1 0.24419 0.24988 0.5 0.5
-0.075684 0.27964 0 1 0.24518 0.25086 0.5 0.5
-0.076012 0.27944 0 1 0.24617 0.25185 0.5 0.5
-0.07634 0.27925 0 1 0.24716 0.25284 0.5 0.5
-0.076667 0.27905 0 1 0.24815 0.25383 0.5 0.5
-0.076995 0.27886 0 1 0.24913 0.25482 0.5 0.5
-0.077322 0.27867 0 1 0.25012 0.25581 0.5 0.5
-0.07765 0.27847 0 1 0.25111 0.2568 0.5 0.5
-0.077977 0.27828 0 1 0.2521 0.25779 0.5 0.5
-0.078305 0.27808 0 1 0.25309 0.25877 0.5 0.5
-0.078633 0.27789 0 1 0.25408 0.25976 0.5 0.5
-0.07896 0.27769 0 1 0.25507 0.26075 0.5 0.5
-0.079288 0.2775 0 1 0.25606 0.26174 0.5 0.5
-0.079585 0.27716 0 1 0.25704 0.26273 0.5 0.5
-0.079875 0.27678 0 1 0.25803 0.26372 0.5 0.5
-0.080164 0.27641 0 1 0.25902 0.26471 0.5 0.5
-0.080453 0.27603 0 1 0.26001 0.26569 0.5 0.5
-0.080742 0.27565 0 1 0.261 0.26668 0.5 0.5
-0.081031 0.27527 0 1 0.26199 0.26767 0.5 0.5
-0.081321 0.27489 0 1 0.26298 0.26866 0.5 0.5
-0.08161 0.27452 0 1 0.26396 0.26965 0.5 0.5
-0.081899 0.27414 0 1 0.26495 0.27064 0.5 0.5
-0.082188 0.27376 0 1 0.26594 0.27163 0.5 0.5
-0.082477 0.27338 0 1 0.26693 0.27261 0.5 0.5
-0.082767 0.27301 0 1 0.26792 0.2736 0.5 0.5
-0.083056 0.27263 0 1 0.26891 0.27459 0.5 0.5
-0.083345 0.27225 0 1 0.2699 0.27558 0.5 0.5
-0.083634 0.27187 0 1 0.27088 0.27657 0.5 0.5
-0.083923 0.27149 0 1 0.27187 0.27756 0.5 0.5
-0.084212 0.27112 0 1 0.27286 0.27855 0.5 0.5
-0.084502 0.27074 0 1 0.27385 0.27954 0.5 0.5
-0.084791 0.27036 0 1 0.27484 0.28052 0.5 0.5
-0.08508 0.26998 0 1 0.27583 0.28151 0.5 0.5
-0.085369 0.2696 0 1 0.27682 0.2825 0.5 0.5
-0.085658 0.26923 0 1 0.27781 0.28349 0.5 0.5
-0.085948 0.26885 0 1 0.27879 0.28448 0.5 0.5
-0.086221 0.2684 0 1 0.27978 0.28547 0.5 0.5
-0.08647 0.26784 0 1 0.28077 0.28646 0.5 0.5
-0.086719 0.26728 0 1 0.28176 0.28744 0.5 0.5
-0.086968 0.26672 0 1 0.28275 0.28843 0.5 0.5
-0.087217 0.26616 0 1 0.28374 0.28942 0.5 0.5
-0.087466 0.2656 0 1 0.28473 0.29041 0.5 0.5
-0.087715 0.26503 0 1 0.28571 0.2914 0.5 0.5
-0.087964 0.26447 0 1 0.2867 0.29239 0.5 0.5
-0.088213 0.26391 0 1 0.28769 0.29338 0.5 0.5
-0.088462 0.26335 0 1 0.28868 0.29436 0.5 0.5
-0.088711 0.26279 0 1 0.28967 0.29535 0.5 0.5
-0.08896 0.26223 0 1 0.29066 0.29634 0.5 0.5
-0.089209 0.26167 0 1 0.29165 0.29733 0.5 0.5
-0.089458 0.26111 0 1 0.29263 0.29832 0.5 0.5
-0.089707 0.26055 0 1 0.29362 0.29931 0.5 0.5
-0.089956 0.25999 0 1 0.29461 0.3003 0.5 0.5
-0.090205 0.25943 0 1 0.2956 0.30129 0.5 0.5
-0.090454 0.25887 0 1 0.29659 0.30227 0.5 0.5
-0.090703 0.2583 0 1 0.29758 0.30326 0.5 0.5
-0.090952 0.25774 0 1 0.29857 0.30425 0.5 0.5
-0.091201 0.25718 0 1 0.29956 0.30524 0.5 0.5
-0.09145 0.25662 0 1 0.30054 0.30623 0.5 0.5
-0.091699 0.25606 0 1 0.30153 0.30722 0.5 0.5
-0.091948 0.2555 0 1 0.30252 0.30821 0.5 0.5
-0.092181 0.25488 0 1 0.30351 0.30919 0.5 0.5
-0.092391 0.25414 0 1 0.3045 0.31018 0.5 0.5
-0.0926 0.25341 0 1 0.30549 0.31117 0.5 0.5
-0.092809 0.25268 0 1 0.30648 0.31216 0.5 0.5
-0.093018 0.25195 0 1 0.30746 0.31315 0.5 0.5
-0.093228 0.25122 0 1 0.30845 0.31414 0.5 0.5
-0.093437 0.25049 0 1 0.30944 0.31513 0.5 0.5
-0.093646 0.24976 0 1 0.31043 0.31611 0.5 0.5
-0.093855 0.24903 0 1 0.31142 0.3171 0.5 0.5
-0.094064 0.2483 0 1 0.31241 0.31809 0.5 0.5
-0.094274 0.24757 0 1 0.3134 0.31908 0.5 0.5
-0.094483 0.24684 0 1 0.31438 0.32007 0.5 0.5
-0.094692 0.2461 0 1 0.31537 0.32106 0.5 0.5
-0.094901 0.24537 0 1 0.31636 0.32205 0.5 0.5
-0.09511 0.24464 0 1 0.31735 0.32303 0.5 0.5
-0.09532 0.24391 0 1 0.31834 0.32402 0.5 0.5
-0.095529 0.24318 0 1 0.31933 0.32501 0.5 0.5
-0.095738 0.24245 0 1 0.32032 0.326 0.5 0.5
-0.095947 0.24172 0 1 0.3213 0.32699 0.5 0.5
-0.096157 0.24099 0 1 0.32229 0.32798 0.5 0.5
-0.096366 0.24026 0 1 0.32328 0.32897 0.5 0.5
-0.096575 0.23953 0 1 0.32427 0.32996 0.5 0.5
-0.096784 0.2388 0 1 0.32526 0.33094 0.5 0.5
-0.096993 0.23807 0 1 0.32625 0.33193 0.5 0.5
-0.097203 0.23733 0 1 0.32724 0.33292 0.5 0.5
-0.097382 0.23649 0 1 0.32823 0.33391 0.5 0.5
-0.097555 0.23561 0 1 0.32921 0.3349 0.5 0.5
-0.097727 0.23473 0 1 0.3302 0.33589 0.5 0.5
-0.0979 0.23385 0 1 0.33119 0.33688 0.5 0.5
-0.098072 0.23297 0 1 0.33218 0.33786 0.5 0.5
-0.098244 0.2321 0 1 0.33317 0.33885 0.5 0.5
-0.098417 0.23122 0 1 0.33416 0.33984 0.5 0.5
-0.098589 0.23034 0 1 0.33515 0.34083 0.5 0.5
-0.098762 0.22946 0 1 0.33613 0.34182 0.5 0.5
-0.098934 0.22859 0 1 0.33712 0.34281 0.5 0.5
-0.099107 0.22771 0 1 0.33811 0.3438 0.5 0.5
-0.099279 0.22683 0 1 0.3391 0.34478 0.5 0.5
-0.099452 0.22595 0 1 0.34009 0.34577 0.5 0.5
-0.099624 0.22508 0 1 0.34108 0.34676 0.5 0.5
-0.099796 0.2242 0 1 0.34207 0.34775 0.5 0.5
-0.099969 0.22332 0 1 0.34305 0.34874 0.5 0.5
-0.10014 0.22244 0 1 0.34404 0.34973 0.5 0.5
-0.10031 0.22156 0 1 0.34503 0.35072 0.5 0.5
-0.10049 0.22069 0 1 0.34602 0.35171 0.5 0.5
-0.10066 0.21981 0 1 0.34701 0.35269 0.5 0.5
-0.10083 0.21893 0 1 0.348 0.35368 0.5 0.5
-0.101 0.21805 0 1 0.34899 0.35467 0.5 0.5
-0.10118 0.21718 0 1 0.34998 0.35566 0.5 0.5
-0.10135 0.2163 0 1 0.35096 0.35665 0.5 0.5
-0.10152 0.21542 0 1 0.35195 0.35764 0.5 0.5
-0.10167 0.21446 0 1 0.35294 0.35863 0.5 0.5
-0.10181 0.21347 0 1 0.35393 0.35961 0.5 0.5
-0.10195 0.21247 0 1 0.35492 0.3606 0.5 0.5
-0.10209 0.21148 0 1 0.35591 0.36159 0.5 0.5
-0.10223 0.21048 0 1 0.3569 0.36258 0.5 0.5
-0.10238 0.20949 0 1 0.35788 0.36357 0.5 0.5
-0.10252 0.2085 0 1 0.35887 0.36456 0.5 0.5
-0.10266 0.2075 0 1 0.35986 0.36555 0.5 0.5
-0.1028 0.20651 0 1 0.36085 0.36653 0.5 0.5
-0.10294 0.20552 0 1 0.36184 0.36752 0.5 0.5
-0.10308 0.20452 0 1 0.36283 0.36851 0.5 0.5
-0.10322 0.20353 0 1 0.36382 0.3695 0.5 0.5
-0.10336 0.20254 0 1 0.3648 0.37049 0.5 0.5
-0.1035 0.20154 0 1 0.36579 0.37148 0.5 0.5
-0.10364 0.20055 0 1 0.36678 0.37247 0.5 0.5
-0.10379 0.19955 0 1 0.36777 0.37346 0.5 0.5
-0.10393 0.19856 0 1 0.36876 0.37444 0.5 0.5
-0.10407 0.19757 0 1 0.36975 0.37543 0.5 0.5
-0.10421 0.19657 0 1 0.37074 0.37642 0.5 0.5
-0.10435 0.19558 0 1 0.37173 0.37741 0.5 0.5
-0.10449 0.19459 0 1 0.37271 0.3784 0.5 0.5
-0.10463 0.19359 0 1 0.3737 0.37939 0.5 0.5
-0.10477 0.1926 0 1 0.37469 0.38038 0.5 0.5
-0.10491 0.19161 0 1 0.37568 0.38136 0.5 0.5
-0.10505 0.19061 0 1 0.37667 0.38235 0.5 0.5
-0.10519 0.1896 0 1 0.37766 0.38334 0.5 0.5
-0.10531 0.18853 0 1 0.37865 0.38433 0.5 0.5
-0.10542 0.18745 0 1 0.37963 0.38532 0.5 0.5
-0.10554 0.18637 0 1 0.38062 0.38631 0.5 0.5
-0.10566 0.1853 0 1 0.38161 0.3873 0.5 0.5
-0.10577 0.18422 0 1 0.3826 0.38828 0.5 0.5
-0.10589 0.18315 0 1 0.38359 0.38927 0.5 0.5
-0.10601 0.18207 0 1 0.38458 0.39026 0.5 0.5
-0.10612 0.181 0 1 0.38557 0.39125 0.5 0.5
-0.10624 0.17992 0 1 0.38655 0.39224 0.5 0.5
-0.10636 0.17885 0 1 0.38754 0.39323 0.5 0.5
-0.10647 0.17777 0 1 0.38853 0.39422 0.5 0.5
-0.10659 0.17669 0 1 0.38952 0.3952 0.5 0.5
-0.10671 0.17562 0 1 0.39051 0.39619 0.5 0.5
-0.10682 0.17454 0 1 0.3915 0.39718 0.5 0.5
-0.10694 0.17347 0 1 0.39249 0.39817 0.5 0.5
-0.10706 0.17239 0 1 0.39347 0.39916 0.5 0.5
-0.10717 0.17132 0 1 0.39446 0.40015 0.5 0.5
-0.10729 0.17024 0 1 0.39545 0.40114 0.5 0.5
-0.10741 0.16917 0 1 0.39644 0.40213 0.5 0.5
-0.10752 0.16809 0 1 0.39743 0.40311 0.5 0.5
-0.10764 0.16701 0 1 0.39842 0.4041 0.5 0.5
-0.10776 0.16594 0 1 0.39941 0.40509 0.5 0.5
-0.10787 0.16486 0 1 0.4004 0.40608 0.5 0.5
-0.10799 0.16379 0 1 0.40138 0.40707 0.5 0.5
-0.10811 0.16271 0 1 0.40237 0.40806 0.5 0.5
-0.10822 0.16162 0 1 0.40336 0.40905 0.5 0.5
-0.10832 0.1605 0 1 0.40435 0.41003 0.5 0.5
-0.10842 0.15937 0 1 0.40534 0.41102 0.5 0.5
-0.10852 0.15825 0 1 0.40633 0.41201 0.5 0.5
-0.10862 0.15712 0 1 0.40732 0.413 0.5 0.5
-0.10872 0.156 0 1 0.4083 0.41399 0.5 0.5
-0.10882 0.15487 0 1 0.40929 0.41498 0.5 0.5
-0.10892 0.15374 0 1 0.41028 0.41597 0.5 0.5
-0.10902 0.15262 0 1 0.41127 0.41695 0.5 0.5
-0.10912 0.15149 0 1 0.41226 0.41794 0.5 0.5
-0.10922 0.15037 0 1 0.41325 0.41893 0.5 0.5
-0.10932 0.14924 0 1 0.41424 0.41992 0.5 0.5
-0.10942 0.14812 0 1 0.41522 0.42091 0.5 0.5
-0.10952 0.14699 0 1 0.41621 0.4219 0.5 0.5
-0.10962 0.14587 0 1 0.4172 0.42289 0.5 0.5
-0.10972 0.14474 0 1 0.41819 0.42388 0.5 0.5
-0.10982 0.14362 0 1 0.41918 0.42486 0.5 0.5
-0.10993 0.14249 0 1 0.42017 0.42585 0.5 0.5
-0.11003 0.14137 0 1 0.42116 0.42684 0.5 0.5
-0.11013 0.14024 0 1 0.42215 0.42783 0.5 0.5
-0.11023 0.13912 0 1 0.42313 0.42882 0.5 0.5
-0.11033 0.13799 0 1 0.42412 0.42981 0.5 0.5
-0.11043 0.13687 0 1 0.42511 0.4308 0.5 0.5
-0.11053 0.13574 0 1 0.4261 0.43178 0.5 0.5
-0.11063 0.13462 0 1 0.42709 0.43277 0.5 0.5
-0.11073 0.13349 0 1 0.42808 0.43376 0.5 0.5
-0.11082 0.13237 0 1 0.42907 0.43475 0.5 0.5
-0.11086 0.13122 0 1 0.43005 0.43574 0.5 0.5
-0.11091 0.13007 0 1 0.43104 0.43673 0.5 0.5
-0.11095 0.12892 0 1 0.43203 0.43772 0.5 0.5
-0.111 0.12778 0 1 0.43302 0.4387 0.5 0.5
-0.11104 0.12663 0 1 0.43401 0.43969 0.5 0.5
-0.11108 0.12548 0 1 0.435 0.44068 0.5 0.5
-0.11113 0.12434 0 1 0.43599 0.44167 0.5 0.5
-0.11117 0.12319 0 1 0.43697 0.44266 0.5 0.5
-0.11122 0.12204 0 1 0.43796 0.44365 0.5 0.5
-0.11126 0.12089 0 1 0.43895 0.44464 0.5 0.5
-0.1113 0.11975 0 1 0.43994 0.44563 0.5 0.5
-0.11135 0.1186 0 1 0.44093 0.44661 0.5 0.5
-0.11139 0.11745 0 1 0.44192 0.4476 0.5 0.5
-0.11144 0.1163 0 1 0.44291 0.44859 0.5 0.5
-0.11148 0.11516 0 1 0.4439 0.44958 0.5 0.5
-0.11152 0.11401 0 1 0.44488 0.45057 0.5 0.5
-0.11157 0.11286 0 1 0.44587 0.45156 0.5 0.5
-0.11161 0.11172 0 1 0.44686 0.45255 0.5 0.5
-0.11166 0.11057 0 1 0.44785 0.45353 0.5 0.5
-0.1117 0.10942 0 1 0.44884 0.45452 0.5 0.5
-0.11174 0.10827 0 1 0.44983 0.45551 0.5 0.5
-0.11179 0.10713 0 1 0.45082 0.4565 0.5 0.5
-0.11183 0.10598 0 1 0.4518 0.45749 0.5 0.5
-0.11188 0.10483 0 1 0.45279 0.45848 0.5 0.5
-0.11192 0.10369 0 1 0.45378 0.45947 0.5 0.5
-0.11196 0.10254 0 1 0.45477 0.46045 0.5 0.5
-0.11201 0.10139 0 1 0.45576 0.46144 0.5 0.5
-0.11205 0.10024 0 1 0.45675 0.46243 0.5 0.5
-0.1121 0.099088 0 1 0.45774 0.46342 0.5 0.5
-0.11214 0.097938 0 1 0.45872 0.46441 0.5 0.5
-0.11219 0.096788 0 1 0.45971 0.4654 0.5 0.5
-0.11223 0.095638 0 1 0.4607 0.46639 0.5 0.5
-0.11228 0.094487 0 1 0.46169 0.46737 0.5 0.5
-0.11233 0.093337 0 1 0.46268 0.46836 0.5 0.5
-0.11237 0.092187 0 1 0.46367 0.46935 0.5 0.5
-0.11242 0.091037 0 1 0.46466 0.47034 0.5 0.5
-0.11246 0.089886 0 1 0.46564 0.47133 0.5 0.5
-0.11251 0.088736 0 1 0.46663 0.47232 0.5 0.5
-0.11255 0.087586 0 1 0.46762 0.47331 0.5 0.5
-0.1126 0.086436 0 1 0.46861 0.4743 0.5 0.5
-0.11264 0.085285 0 1 0.4696 0.47528 0.5 0.5
-0.11269 0.084135 0 1 0.47059 0.47627 0.5 0.5
-0.11273 0.082985 0 1 0.47158 0.47726 0.5 0.5
-0.11278 0.081835 0 1 0.47257 0.47825 0.5 0.5
-0.11282 0.080685 0 1 0.47355 0.47924 0.5 0.5
-0.11287 0.079534 0 1 0.47454 0.48023 0.5 0.5
-0.11292 0.078384 0 1 0.47553 0.48122 0.5 0.5
-0.11296 0.077234 0 1 0.47652 0.4822 0.5 0.5
-0.11301 0.076084 0 1 0.47751 0.48319 0.5 0.5
-0.11305 0.074933 0 1 0.4785 0.48418 0.5 0.5
-0.1131 0.073783 0 1 0.47949 0.48517 0.5 0.5
-0.11314 0.072633 0 1 0.48047 0.48616 0.5 0.5
-0.1132 0.071473 0 1 0.48146 0.48715 0.5 0.5
-0.11331 0.070287 0 1 0.48245 0.48814 0.5 0.5
-0.11341 0.069101 0 1 0.48344 0.48912 0.5 0.5
-0.11352 0.067916 0 1 0.48443 0.49011 0.5 0.5
-0.11362 0.06673 0 1 0.48542 0.4911 0.5 0.5
-0.11373 0.065544 0 1 0.48641 0.49209 0.5 0.5
-0.11383 0.064358 0 1 0.48739 0.49308 0.5 0.5
-0.11394 0.063172 0 1 0.48838 0.49407 0.5 0.5
-0.11404 0.061987 0 1 0.48937 0.49506 0.5 0.5
-0.11415 0.060801 0 1 0.49036 0.49605 0.5 0.5
-0.11425 0.059615 0 1 0.49135 0.49703 0.5 0.5
-0.11436 0.058429 0 1 0.49234 0.49802 0.5 0.5
-0.11446 0.057243 0 1 0.49333 0.49901 0.5 0.5
-0.11457 0.056057 0 1 0.49432 0.5 0.5 0.5
-0.11467 0.054872 0 1 0.4953 0.50099 0.5 0.5
-0.11478 0.053686 0 1 0.49629 0.50198 0.5 0.5
-0.11488 0.0525 0 1 0.49728 0.50297 0.5 0.5
-0.11499 0.051314 0 1 0.49827 0.50395 0.5 0.5
-0.11509 0.050128 0 1 0.49926 0.50494 0.5 0.5
-0.11519 0.048943 0 1 0.50025 0.50593 0.5 0.5
-0.1153 0.047757 0 1 0.50124 0.50692 0.5 0.5
-0.1154 0.046571 0 1 0.50222 0.50791 0.5 0.5
-0.11551 0.045385 0 1 0.50321 0.5089 0.5 0.5
-0.11561 0.044199 0 1 0.5042 0.50989 0.5 0.5
-0.11572 0.043014 0 1 0.50519 0.51087 0.5 0.5
-0.11582 0.041828 0 1 0.50618 0.51186 0.5 0.5
-0.11593 0.040642 0 1 0.50717 0.51285 0.5 0.5
-0.11605 0.039456 0 1 0.50816 0.51384 0.5 0.5
-0.11617 0.038269 0 1 0.50914 0.51483 0.5 0.5
-0.11629 0.037083 0 1 0.51013 0.51582 0.5 0.5
-0.11641 0.035897 0 1 0.51112 0.51681 0.5 0.5
-0.11653 0.03471 0 1 0.51211 0.5178 0.5 0.5
-0.11665 0.033524 0 1 0.5131 0.51878 0.5 0.5
-0.11678 0.032337 0 1 0.51409 0.51977 0.5 0.5
-0.1169 0.031151 0 1 0.51508 0.52076 0.5 0.5
-0.11702 0.029965 0 1 0.51607 0.52175 0.5 0.5
-0.11714 0.028778 0 1 0.51705 0.52274 0.5 0.5
-0.11726 0.027592 0 1 0.51804 0.52373 0.5 0.5
-0.11738 0.026406 0 1 0.51903 0.52472 0.5 0.5
-0.11751 0.025219 0 1 0.52002 0.5257 0.5 0.5
-0.11763 0.024033 0 1 0.52101 0.52669 0.5 0.5
-0.11775 0.022846 0 1 0.522 0.52768 0.5 0.5
-0.11787 0.02166 0 1 0.52299 0.52867 0.5 0.5
-0.11799 0.020474 0 1 0.52397 0.52966 0.5 0.5
-0.11812 0.019287 0 1 0.52496 0.53065 0.5 0.5
-0.11824 0.018101 0 1 0.52595 0.53164 0.5 0.5
-0.11836 0.016915 0 1 0.52694 0.53262 0.5 0.5
-0.11848 0.015728 0 1 0.52793 0.53361 0.5 0.5
-0.1186 0.014542 0 1 0.52892 0.5346 0.5 0.5
-0.11872 0.013355 0 1 0.52991 0.53559 0.5 0.5
-0.11885 0.012169 0 1 0.53089 0.53658 0.5 0.5
-0.11897 0.010983 0 1 0.53188 0.53757 0.5 0.5
-0.11909 0.0097963 0 1 0.53287 0.53856 0.5 0.5
-0.11922 0.0086107 0 1 0.53386 0.53954 0.5 0.5
-0.11936 0.0074279 0 1 0.53485 0.54053 0.5 0.5
-0.1195 0.0062451 0 1 0.53584 0.54152 0.5 0.5
-0.11964 0.0050623 0 1 0.53683 0.54251 0.5 0.5
-0.11978 0.0038795 0 1 0.53781 0.5435 0.5 0.5
-0.11993 0.0026967 0 1 0.5388 0.54449 0.5 0.5
-0.12007 0.0015138 0 1 0.53979 0.54548 0.5 0.5
-0.12021 0.00033106 0 1 0.54078 0.54647 0.5 0.5
-0.12035 -0.00085179 0 1 0.54177 0.54745 0.5 0.5
-0.1205 -0.0020346 0 1 0.54276 0.54844 0.5 0.5
-0.12064 -0.0032174 0 1 0.54375 0.54943 0.5 0.5
-0.12078 -0.0044002 0 1 0.54474 0.55042 0.5 0.5
-0.12092 -0.005583 0 1 0.54572 0.55141 0.5 0.5
-0.12106 -0.0067658 0 1 0.54671 0.5524 0.5 0.5
-0.12121 -0.0079486 0 1 0.5477 0.55339 0.5 0.5
-0.12135 -0.0091315 0 1 0.54869 0.55437 0.5 0.5
-0.12149 -0.010314 0 1 0.54968 0.55536 0.5 0.5
-0.12163 -0.011497 0 1 0.55067 0.55635 0.5 0.5
-0.12177 -0.01268 0 1 0.55166 0.55734 0.5 0.5
-0.12192 -0.013863 0 1 0.55264 0.55833 0.5 0.5
-0.12206 -0.015045 0 1 0.55363 0.55932 0.5 0.5
-0.1222 -0.016228 0 1 0.55462 0.56031 0.5 0.5
-0.12234 -0.017411 0 1 0.55561 0.56129 0.5 0.5
-0.12249 -0.018594 0 1 0.5566 0.56228 0.5 0.5
-0.12263 -0.019777 0 1 0.55759 0.56327 0.5 0.5
-0.12277 -0.02096 0 1 0.55858 0.56426 0.5 0.5
-0.12291 -0.022142 0 1 0.55956 0.56525 0.5 0.5
-0.12308 -0.023327 0 1 0.56055 0.56624 0.5 0.5
-0.12324 -0.024511 0 1 0.56154 0.56723 0.5 0.5
-0.12341 -0.025696 0 1 0.56253 0.56822 0.5 0.5
-0.12358 -0.026881 0 1 0.56352 0.5692 0.5 0.5
-0.12374 -0.028065 0 1 0.56451 0.57019 0.5 0.5
-0.12391 -0.02925 0 1 0.5655 0.57118 0.5 0.5
-0.12408 -0.030435 0 1 0.56649 0.57217 0.5 0.5
-0.12424 -0.03162 0 1 0.56747 0.57316 0.5 0.5
-0.12441 -0.032804 0 1 0.56846 0.57415 0.5 0.5
-0.12458 -0.033989 0 1 0.56945 0.57514 0.5 0.5
-0.12475 -0.035174 0 1 0.57044 0.57612 0.5 0.5
-0.12491 -0.036358 0 1 0.57143 0.57711 0.5 0.5
-0.12508 -0.037543 0 1 0.57242 0.5781 0.5 0.5
-0.12525 -0.038728 0 1 0.57341 0.57909 0.5 0.5
-0.12541 -0.039912 0 1 0.57439 0.58008 0.5 0.5
-0.12558 -0.041097 0 1 0.57538 0.58107 0.5 0.5
-0.12575 -0.042282 0 1 0.57637 0.58206 0.5 0.5
-0.12591 -0.043466 0 1 0.57736 0.58304 0.5 0.5
-0.12608 -0.044651 0 1 0.57835 0.58403 0.5 0.5
-0.12625 -0.045836 0 1 0.57934 0.58502 0.5 0.5
-0.12642 -0.047021 0 1 0.58033 0.58601 0.5 0.5
-0.12658 -0.048205 0 1 0.58131 0.587 0.5 0.5
-0.12675 -0.04939 0 1 0.5823 0.58799 0.5 0.5
-0.12692 -0.050575 0 1 0.58329 0.58898 0.5 0.5
-0.12708 -0.051759 0 1 0.58428 0.58997 0.5 0.5
-0.12725 -0.052944 0 1 0.58527 0.59095 0.5 0.5
-0.12744 -0.054137 0 1 0.58626 0.59194 0.5 0.5
-0.12763 -0.055334 0 1 0.58725 0.59293 0.5 0.5
-0.12783 -0.056532 0 1 0.58824 0.59392 0.5 0.5
-0.12803 -0.057729 0 1 0.58922 0.59491 0.5 0.5
-0.12823 -0.058926 0 1 0.59021 0.5959 0.5 0.5
-0.12842 -0.060124 0 1 0.5912 0.59689 0.5 0.5
-0.12862 -0.061321 0 1 0.59219 0.59787 0.5 0.5
-0.12882 -0.062518 0 1 0.59318 0.59886 0.5 0.5
-0.12901 -0.063715 0 1 0.59417 0.59985 0.5 0.5
-0.12921 -0.064913 0 1 0.59516 0.60084 0.5 0.5
-0.12941 -0.06611 0 1 0.59614 0.60183 0.5 0.5
-0.1296 -0.067307 0 1 0.59713 0.60282 0.5 0.5
-0.1298 -0.068505 0 1 0.59812 0.60381 0.5 0.5
-0.13 -0.069702 0 1 0.59911 0.60479 0.5 0.5
-0.13019 -0.070899 0 1 0.6001 0.60578 0.5 0.5
-0.13039 -0.072097 0 1 0.60109 0.60677 0.5 0.5
-0.13059 -0.073294 0 1 0.60208 0.60776 0.5 0.5
-0.13079 -0.074491 0 1 0.60306 0.60875 0.5 0.5
-0.13098 -0.075689 0 1 0.60405 0.60974 0.5 0.5
-0.13118 -0.076886 0 1 0.60504 0.61073 0.5 0.5
-0.13138 -0.078083 0 1 0.60603 0.61172 0.5 0.5
-0.13157 -0.07928 0 1 0.60702 0.6127 0.5 0.5
-0.13177 -0.080478 0 1 0.60801 0.61369 0.5 0.5
-0.13197 -0.081675 0 1 0.609 0.61468 0.5 0.5
-0.13216 -0.082872 0 1 0.60998 0.61567 0.5 0.5
-0.13236 -0.08407 0 1 0.61097 0.61666 0.5 0.5
-0.13259 -0.085289 0 1 0.61196 0.61765 0.5 0.5
-0.13282 -0.086514 0 1 0.61295 0.61864 0.5 0.5
-0.13305 -0.087739 0 1 0.61394 0.61962 0.5 0.5
-0.13328 -0.088964 0 1 0.61493 0.62061 0.5 0.5
-0.13352 -0.090189 0 1 0.61592 0.6216 0.5 0.5
-0.13375 -0.091414 0 1 0.61691 0.62259 0.5 0.5
-0.13398 -0.092639 0 1 0.61789 0.62358 0.5 0.5
-0.13422 -0.093864 0 1 0.61888 0.62457 0.5 0.5
-0.13445 -0.095089 0 1 0.61987 0.62556 0.5 0.5
-0.13468 -0.096314 0 1 0.62086 0.62654 0.5 0.5
-0.13491 -0.097539 0 1 0.62185 0.62753 0.5 0.5
-0.13515 -0.098764 0 1 0.62284 0.62852 0.5 0.5
-0.13538 -0.099989 0 1 0.62383 0.62951 0.5 0.5
-0.13561 -0.10121 0 1 0.62481 0.6305 0.5 0.5
-0.13584 -0.10244 0 1 0.6258 0.63149 0.5 0.5
-0.13608 -0.10366 0 1 0.62679 0.63248 0.5 0.5
-0.13631 -0.10489 0 1 0.62778 0.63346 0.5 0.5
-0.13654 -0.10611 0 1 0.62877 0.63445 0.5 0.5
-0.13677 -0.10734 0 1 0.62976 0.63544 0.5 0.5
-0.13701 -0.10856 0 1 0.63075 0.63643 0.5 0.5
-0.13724 -0.10979 0 1 0.63173 0.63742 0.5 0.5
-0.13747 -0.11101 0 1 0.63272 0.63841 0.5 0.5
-0.1377 -0.11224 0 1 0.63371 0.6394 0.5 0.5
-0.13794 -0.11346 0 1 0.6347 0.64039 0.5 0.5
-0.13817 -0.11469 0 1 0.63569 0.64137 0.5 0.5
-0.13841 -0.11593 0 1 0.63668 0.64236 0.5 0.5
-0.13869 -0.1172 0 1 0.63767 0.64335 0.5 0.5
-0.13896 -0.11847 0 1 0.63866 0.64434 0.5 0.5
-0.13924 -0.11974 0 1 0.63964 0.64533 0.5 0.5
-0.13951 -0.12101 0 1 0.64063 0.64632 0.5 0.5
-0.13979 -0.12229 0 1 0.64162 0.64731 0.5 0.5
-0.14006 -0.12356 0 1 0.64261 0.64829 0.5 0.5
-0.14033 -0.12483 0 1 0.6436 0.64928 0.5 0.5
-0.14061 -0.1261 0 1 0.64459 0.65027 0.5 0.5
-0.14088 -0.12737 0 1 0.64558 0.65126 0.5 0.5
-0.14116 -0.12865 0 1 0.64656 0.65225 0.5 0.5
-0.14143 -0.12992 0 1 0.64755 0.65324 0.5 0.5
-0.14171 -0.13119 0 1 0.64854 0.65423 0.5 0.5
-0.14198 -0.13246 0 1 0.64953 0.65521 0.5 0.5
-0.14225 -0.13373 0 1 0.65052 0.6562 0.5 0.5
-0.14253 -0.13501 0 1 0.65151 0.65719 0.5 0.5
-0.1428 -0.13628 0 1 0.6525 0.65818 0.5 0.5
-0.14308 -0.13755 0 1 0.65348 0.65917 0.5 0.5
-0.14335 -0.13882 0 1 0.65447 0.66016 0.5 0.5
-0.14363 -0.14009 0 1 0.65546 0.66115 0.5 0.5
-0.1439 -0.14137 0 1 0.65645 0.66214 0.5 0.5
-0.14418 -0.14264 0 1 0.65744 0.66312 0.5 0.5
-0.14445 -0.14391 0 1 0.65843 0.66411 0.5 0.5
-0.14472 -0.14518 0 1 0.65942 0.6651 0.5 0.5
-0.145 -0.14645 0 1 0.66041 0.66609 0.5 0.5
-0.14528 -0.14774 0 1 0.66139 0.66708 0.5 0.5
-0.1456 -0.14908 0 1 0.66238 0.66807 0.5 0.5
-0.14592 -0.15042 0 1 0.66337 0.66906 0.5 0.5
-0.14624 -0.15176 0 1 0.66436 0.67004 0.5 0.5
-0.14656 -0.1531 0 1 0.66535 0.67103 0.5 0.5
-0.14688 -0.15444 0 1 0.66634 0.67202 0.5 0.5
-0.14721 -0.15578 0 1 0.66733 0.67301 0.5 0.5
-0.14753 -0.15713 0 1 0.66831 0.674 0.5 0.5
-0.14785 -0.15847 0 1 0.6693 0.67499 0.5 0.5
-0.14817 -0.15981 0 1 0.67029 0.67598 0.5 0.5
-0.14849 -0.16115 0 1 0.67128 0.67696 0.5 0.5
-0.14881 -0.16249 0 1 0.67227 0.67795 0.5 0.5
-0.14913 -0.16383 0 1 0.67326 0.67894 0.5 0.5
-0.14945 -0.16517 0 1 0.67425 0.67993 0.5 0.5
-0.14977 -0.16651 0 1 0.67523 0.68092 0.5 0.5
-0.15009 -0.16785 0 1 0.67622 0.68191 0.5 0.5
-0.15041 -0.16919 0 1 0.67721 0.6829 0.5 0.5
-0.15073 -0.17054 0 1 0.6782 0.68389 0.5 0.5
-0.15105 -0.17188 0 1 0.67919 0.68487 0.5 0.5
-0.15137 -0.17322 0 1 0.68018 0.68586 0.5 0.5
-0.15169 -0.17456 0 1 0.68117 0.68685 0.5 0.5
-0.15201 -0.1759 0 1 0.68216 0.68784 0.5 0.5
-0.15233 -0.17724 0 1 0.68314 0.68883 0.5 0.5
-0.15266 -0.17858 0 1 0.68413 0.68982 0.5 0.5
-0.15298 -0.17992 0 1 0.68512 0.69081 0.5 0.5
-0.15333 -0.18132 0 1 0.68611 0.69179 0.5 0.5
-0.15369 -0.18275 0 1 0.6871 0.69278 0.5 0.5
-0.15406 -0.18419 0 1 0.68809 0.69377 0.5 0.5
-0.15443 -0.18562 0 1 0.68908 0.69476 0.5 0.5
-0.1548 -0.18705 0 1 0.69006 0.69575 0.5 0.5
-0.15516 -0.18848 0 1 0.69105 0.69674 0.5 0.5
-0.15553 -0.18992 0 1 0.69204 0.69773 0.5 0.5
-0.1559 -0.19135 0 1 0.69303 0.69871 0.5 0.5
-0.15627 -0.19278 0 1 0.69402 0.6997 0.5 0.5
-0.15664 -0.19421 0 1 0.69501 0.70069 0.5 0.5
-0.157 -0.19565 0 1 0.696 0.70168 0.5 0.5
-0.15737 -0.19708 0 1 0.69698 0.70267 0.5 0.5
-0.15774 -0.19851 0 1 0.69797 0.70366 0.5 0.5
-0.15811 -0.19994 0 1 0.69896 0.70465 0.5 0.5
-0.15847 -0.20138 0 1 0.69995 0.70563 0.5 0.5
-0.15884 -0.20281 0 1 0.70094 0.70662 0.5 0.5
-0.15921 -0.20424 0 1 0.70193 0.70761 0.5 0.5
-0.15958 -0.20567 0 1 0.70292 0.7086 0.5 0.5
-0.15995 -0.20711 0 1 0.7039 0.70959 0.5 0.5
-0.16031 -0.20854 0 1 0.70489 0.71058 0.5 0.5
-0.16068 -0.20997 0 1 0.70588 0.71157 0.5 0.5
-0.16105 -0.2114 0 1 0.70687 0.71256 0.5 0.5
-0.16142 -0.21284 0 1 0.70786 0.71354 0.5 0.5
-0.16178 -0.21427 0 1 0.70885 0.71453 0.5 0.5
-0.16218 -0.21577 0 1 0.70984 0.71552 0.5 0.5
-0.16258 -0.21731 0 1 0.71083 0.71651 0.5 0.5
-0.16299 -0.21885 0 1 0.71181 0.7175 0.5 0.5
-0.1634 -0.22039 0 1 0.7128 0.71849 0.5 0.5
-0.16381 -0.22193 0 1 0.71379 0.71948 0.5 0.5
-0.16421 -0.22347 0 1 0.71478 0.72046 0.5 0.5
-0.16462 -0.22501 0 1 0.71577 0.72145 0.5 0.5
-0.16503 -0.22655 0 1 0.71676 0.72244 0.5 0.5
-0.16544 -0.22809 0 1 0.71775 0.72343 0.5 0.5
-0.16584 -0.22963 0 1 0.71873 0.72442 0.5 0.5
-0.16625 -0.23117 0 1 0.71972 0.72541 0.5 0.5
-0.16666 -0.23271 0 1 0.72071 0.7264 0.5 0.5
-0.16707 -0.23426 0 1 0.7217 0.72738 0.5 0.5
-0.16747 -0.2358 0 1 0.72269 0.72837 0.5 0.5
-0.16788 -0.23734 0 1 0.72368 0.72936 0.5 0.5
-0.16829 -0.23888 0 1 0.72467 0.73035 0.5 0.5
-0.1687 -0.24042 0 1 0.72565 0.73134 0.5 0.5
-0.1691 -0.24196 0 1 0.72664 0.73233 0.5 0.5
-0.16951 -0.2435 0 1 0.72763 0.73332 0.5 0.5
-0.16992 -0.24504 0 1 0.72862 0.73431 0.5 0.5
-0.17033 -0.24658 0 1 0.72961 0.73529 0.5 0.5
-0.17073 -0.24812 0 1 0.7306 0.73628 0.5 0.5
-0.17114 -0.24966 0 1 0.73159 0.73727 0.5 0.5
-0.17151 -0.25122 0 1 0.73258 0.73826 0.5 0.5
-0.17176 -0.25287 0 1 0.73356 0.73925 0.5 0.5
-0.17201 -0.25452 0 1 0.73455 0.74024 0.5 0.5
-0.17225 -0.25617 0 1 0.73554 0.74123 0.5 0.5
-0.1725 -0.25781 0 1 0.73653 0.74221 0.5 0.5
-0.17274 -0.25946 0 1 0.73752 0.7432 0.5 0.5
-0.17299 -0.26111 0 1 0.73851 0.74419 0.5 0.5
-0.17324 -0.26276 0 1 0.7395 0.74518 0.5 0.5
-0.17348 -0.2644 0 1 0.74048 0.74617 0.5 0.5
-0.17373 -0.26605 0 1 0.74147 0.74716 0.5 0.5
-0.17397 -0.2677 0 1 0.74246 0.74815 0.5 0.5
-0.17422 -0.26935 0 1 0.74345 0.74913 0.5 0.5
-0.17446 -0.27099 0 1 0.74444 0.75012 0.5 0.5
-0.17471 -0.27264 0 1 0.74543 0.75111 0.5 0.5
-0.17496 -0.27429 0 1 0.74642 0.7521 0.5 0.5
-0.1752 -0.27594 0 1 0.7474 0.75309 0.5 0.5
-0.17545 -0.27758 0 1 0.74839 0.75408 0.5 0.5
-0.17569 -0.27923 0 1 0.74938 0.75507 0.5 0.5
-0.17594 -0.28088 0 1 0.75037 0.75606 0.5 0.5
-0.17619 -0.28253 0 1 0.75136 0.75704 0.5 0.5
-0.17643 -0.28417 0 1 0.75235 0.75803 0.5 0.5
-0.17668 -0.28582 0 1 0.75334 0.75902 0.5 0.5
-0.17692 -0.28747 0 1 0.75433 0.76001 0.5 0.5
-0.17716 -0.28915 0 1 0.75531 0.761 0.5 0.5
-0.17737 -0.29087 0 1 0.7563 0.76199 0.5 0.5
-0.17759 -0.29259 0 1 0.75729 0.76298 0.5 0.5
-0.17781 -0.29431 0 1 0.75828 0.76396 0.5 0.5
-0.17803 -0.29602 0 1 0.75927 0.76495 0.5 0.5
-0.17824 -0.29774 0 1 0.76026 0.76594 0.5 0.5
-0.17846 -0.29946 0 1 0.76125 0.76693 0.5 0.5
-0.17868 -0.30118 0 1 0.76223 0.76792 0.5 0.5
-0.1789 -0.3029 0 1 0.76322 0.76891 0.5 0.5
-0.17911 -0.30461 0 1 0.76421 0.7699 0.5 0.5
-0.17933 -0.30633 0 1 0.7652 0.77088 0.5 0.5
-0.17955 -0.30805 0 1 0.76619 0.77187 0.5 0.5
-0.17977 -0.30977 0 1 0.76718 0.77286 0.5 0.5
-0.17998 -0.31149 0 1 0.76817 0.77385 0.5 0.5
-0.1802 -0.3132 0 1 0.76915 0.77484 0.5 0.5
-0.18042 -0.31492 0 1 0.77014 0.77583 0.5 0.5
-0.18064 -0.31664 0 1 0.77113 0.77682 0.5 0.5
-0.18086 -0.31836 0 1 0.77212 0.7778 0.5 0.5
-0.18107 -0.32008 0 1 0.77311 0.77879 0.5 0.5
-0.18129 -0.3218 0 1 0.7741 0.77978 0.5 0.5
-0.18151 -0.32351 0 1 0.77509 0.78077 0.5 0.5
-0.18173 -0.32523 0 1 0.77607 0.78176 0.5 0.5
-0.18198 -0.327 0 1 0.77706 0.78275 0.5 0.5
-0.18227 -0.32882 0 1 0.77805 0.78374 0.5 0.5
-0.18256 -0.33064 0 1 0.77904 0.78473 0.5 0.5
-0.18286 -0.33246 0 1 0.78003 0.78571 0.5 0.5
-0.18315 -0.33428 0 1 0.78102 0.7867 0.5 0.5
-0.18344 -0.3361 0 1 0.78201 0.78769 0.5 0.5
-0.18374 -0.33792 0 1 0.783 0.78868 0.5 0.5
-0.18403 -0.33974 0 1 0.78398 0.78967 0.5 0.5
-0.18432 -0.34156 0 1 0.78497 0.79066 0.5 0.5
-0.18461 -0.34338 0 1 0.78596 0.79165 0.5 0.5
-0.18491 -0.3452 0 1 0.78695 0.79263 0.5 0.5
-0.1852 -0.34702 0 1 0.78794 0.79362 0.5 0.5
-0.18549 -0.34884 0 1 0.78893 0.79461 0.5 0.5
-0.18578 -0.35066 0 1 0.78992 0.7956 0.5 0.5
-0.18608 -0.35248 0 1 0.7909 0.79659 0.5 0.5
-0.18637 -0.3543 0 1 0.79189 0.79758 0.5 0.5
-0.18666 -0.35612 0 1 0.79288 0.79857 0.5 0.5
-0.18696 -0.35795 0 1 0.79387 0.79955 0.5 0.5
-0.18725 -0.35977 0 1 0.79486 0.80054 0.5 0.5
-0.18754 -0.36159 0 1 0.79585 0.80153 0.5 0.5
-0.18783 -0.36341 0 1 0.79684 0.80252 0.5 0.5
-0.18808 -0.36519 0 1 0.79782 0.80351 0.5 0.5
-0.18814 -0.36685 0 1 0.79881 0.8045 0.5 0.5
-0.1882 -0.36851 0 1 0.7998 0.80549 0.5 0.5
-0.18827 -0.37017 0 1 0.80079 0.80648 0.5 0.5
-0.18833 -0.37183 0 1 0.80178 0.80746 0.5 0.5
-0.18839 -0.37349 0 1 0.80277 0.80845 0.5 0.5
-0.18846 -0.37515 0 1 0.80376 0.80944 0.5 0.5
-0.18852 -0.37681 0 1 0.80475 0.81043 0.5 0.5
-0.18858 -0.37847 0 1 0.80573 0.81142 0.5 0.5
-0.18865 -0.38013 0 1 0.80672 0.81241 0.5 0.5
-0.18871 -0.38178 0 1 0.80771 0.8134 0.5 0.5
-0.18877 -0.38344 0 1 0.8087 0.81438 0.5 0.5
-0.18884 -0.3851 0 1 0.80969 0.81537 0.5 0.5
-0.1889 -0.38676 0 1 0.81068 0.81636 0.5 0.5
-0.18897 -0.38842 0 1 0.81167 0.81735 0.5 0.5
-0.18903 -0.39008 0 1 0.81265 0.81834 0.5 0.5
-0.18909 -0.39174 0 1 0.81364 0.81933 0.5 0.5
-0.18916 -0.3934 0 1 0.81463 0.82032 0.5 0.5
-0.18922 -0.39506 0 1 0.81562 0.8213 0.5 0.5
-0.18928 -0.39672 0 1 0.81661 0.82229 0.5 0.5
-0.18935 -0.39838 0 1 0.8176 0.82328 0.5 0.5
-0.18917 -0.39972 0 1 0.81859 0.82427 0.5 0.5
-0.1889 -0.40094 0 1 0.81957 0.82526 0.5 0.5
-0.18864 -0.40216 0 1 0.82056 0.82625 0.5 0.5
-0.18837 -0.40338 0 1 0.82155 0.82724 0.5 0.5
-0.1881 -0.4046 0 1 0.82254 0.82823 0.5 0.5
-0.18783 -0.40582 0 1 0.82353 0.82921 0.5 0.5
-0.18756 -0.40704 0 1 0.82452 0.8302 0.5 0.5
-0.1873 -0.40826 0 1 0.82551 0.83119 0.5 0.5
-0.18703 -0.40948 0 1 0.8265 0.83218 0.5 0.5
-0.18676 -0.4107 0 1 0.82748 0.83317 0.5 0.5
-0.18649 -0.41192 0 1 0.82847 0.83416 0.5 0.5
-0.18623 -0.41314 0 1 0.82946 0.83515 0.5 0.5
-0.18596 -0.41436 0 1 0.83045 0.83613 0.5 0.5
-0.18569 -0.41558 0 1 0.83144 0.83712 0.5 0.5
-0.18542 -0.4168 0 1 0.83243 0.83811 0.5 0.5
-0.18516 -0.41802 0 1 0.83342 0.8391 0.5 0.5
-0.18489 -0.41924 0 1 0.8344 0.84009 0.5 0.5
-0.18462 -0.42046 0 1 0.83539 0.84108 0.5 0.5
-0.18435 -0.42167 0 1 0.83638 0.84207 0.5 0.5
-0.18408 -0.42288 0 1 0.83737 0.84305 0.5 0.5
-0.18341 -0.42337 0 1 0.83836 0.84404 0.5 0.5
-0.18274 -0.42385 0 1 0.83935 0.84503 0.5 0.5
-0.18207 -0.42433 0 1 0.84034 0.84602 0.5 0.5
-0.1814 -0.42482 0 1 0.84132 0.84701 0.5 0.5
-0.18073 -0.4253 0 1 0.84231 0.848 0.5 0.5
-0.18006 -0.42578 0 1 0.8433 0.84899 0.5 0.5
-0.17939 -0.42627 0 1 0.84429 0.84997 0.5 0.5
-0.17872 -0.42675 0 1 0.84528 0.85096 0.5 0.5
-0.17805 -0.42723 0 1 0.84627 0.85195 0.5 0.5
-0.17738 -0.42771 0 1 0.84726 0.85294 0.5 0.5
-0.17671 -0.4282 0 1 0.84824 0.85393 0.5 0.5
-0.17604 -0.42868 0 1 0.84923 0.85492 0.5 0.5
-0.17537 -0.42916 0 1 0.85022 0.85591 0.5 0.5
-0.17471 -0.42965 0 1 0.85121 0.8569 0.5 0.5
-0.17404 -0.43013 0 1 0.8522 0.85788 0.5 0.5
-0.17337 -0.43061 0 1 0.85319 0.85887 0.5 0.5
-0.1727 -0.4311 0 1 0.85418 0.85986 0.5 0.5
-0.17203 -0.43158 0 1 0.85517 0.86085 0.5 0.5
-0.17131 -0.43195 0 1 0.85615 0.86184 0.5 0.5
-0.17023 -0.43144 0 1 0.85714 0.86283 0.5 0.5
-0.16914 -0.43093 0 1 0.85813 0.86382 0.5 0.5
-0.16806 -0.43042 0 1 0.85912 0.8648 0.5 0.5
-0.16697 -0.42991 0 1 0.86011 0.86579 0.5 0.5
-0.16589 -0.4294 0 1 0.8611 0.86678 0.5 0.5
-0.1648 -0.42889 0 1 0.86209 0.86777 0.5 0.5
-0.16372 -0.42838 0 1 0.86307 0.86876 0.5 0.5
-0.16263 -0.42787 0 1 0.86406 0.86975 0.5 0.5
-0.16155 -0.42736 0 1 0.86505 0.87074 0.5 0.5
-0.16046 -0.42685 0 1 0.86604 0.87172 0.5 0.5
-0.15938 -0.42634 0 1 0.86703 0.87271 0.5 0.5
-0.15829 -0.42583 0 1 0.86802 0.8737 0.5 0.5
-0.15721 -0.42532 0 1 0.86901 0.87469 0.5 0.5
-0.15613 -0.42481 0 1 0.86999 0.87568 0.5 0.5
-0.15504 -0.4243 0 1 0.87098 0.87667 0.5 0.5
-0.15396 -0.42379 0 1 0.87197 0.87766 0.5 0.5
-0.15287 -0.42328 0 1 0.87296 0.87865 0.5 0.5
-0.15178 -0.42274 0 1 0.87395 0.87963 0.5 0.5
-0.15034 -0.42109 0 1 0.87494 0.88062 0.5 0.5
-0.1489 -0.41945 0 1 0.87593 0.88161 0.5 0.5
-0.14746 -0.4178 0 1 0.87692 0.8826 0.5 0.5
-0.14602 -0.41616 0 1 0.8779 0.88359 0.5 0.5
-0.14458 -0.41452 0 1 0.87889 0.88458 0.5 0.5
-0.14314 -0.41287 0 1 0.87988 0.88557 0.5 0.5
-0.1417 -0.41123 0 1 0.88087 0.88655 0.5 0.5
-0.14026 -0.40959 0 1 0.88186 0.88754 0.5 0.5
-0.13882 -0.40794 0 1 0.88285 0.88853 0.5 0.5
-0.13738 -0.4063 0 1 0.88384 0.88952 0.5 0.5
-0.13594 -0.40466 0 1 0.88482 0.89051 0.5 0.5
-0.1345 -0.40301 0 1 0.88581 0.8915 0.5 0.5
-0.13306 -0.40137 0 1 0.8868 0.89249 0.5 0.5
-0.13162 -0.39973 0 1 0.88779 0.89347 0.5 0.5
-0.13018 -0.39808 0 1 0.88878 0.89446 0.5 0.5
-0.12874 -0.39644 0 1 0.88977 0.89545 0.5 0.5
-0.1273 -0.3948 0 1 0.89076 0.89644 0.5 0.5
-0.12569 -0.39232 0 1 0.89174 0.89743 0.5 0.5
-0.12402 -0.38957 0 1 0.89273 0.89842 0.5 0.5
-0.12235 -0.38683 0 1 0.89372 0.89941 0.5 0.5
-0.12068 -0.38409 0 1 0.89471 0.9004 0.5 0.5
-0.11902 -0.38134 0 1 0.8957 0.90138 0.5 0.5
-0.11735 -0.3786 0 1 0.89669 0.90237 0.5 0.5
-0.11568 -0.37586 0 1 0.89768 0.90336 0.5 0.5
-0.11401 -0.37311 0 1 0.89867 0.90435 0.5 0.5
-0.11235 -0.37037 0 1 0.89965 0.90534 0.5 0.5
-0.11068 -0.36763 0 1 0.90064 0.90633 0.5 0.5
-0.10901 -0.36488 0 1 0.90163 0.90732 0.5 0.5
-0.10734 -0.36214 0 1 0.90262 0.9083 0.5 0.5
-0.10568 -0.3594 0 1 0.90361 0.90929 0.5 0.5
-0.10401 -0.35665 0 1 0.9046 0.91028 0.5 0.5
-0.10234 -0.35391 0 1 0.90559 0.91127 0.5 0.5
-0.10067 -0.35117 0 1 0.90657 0.91226 0.5 0.5
-0.098988 -0.34815 0 1 0.90756 0.91325 0.5 0.5
-0.097258 -0.34452 0 1 0.90855 0.91424 0.5 0.5
-0.095529 -0.34088 0 1 0.90954 0.91522 0.5 0.5
-0.0938 -0.33724 0 1 0.91053 0.91621 0.5 0.5
-0.09207 -0.33361 0 1 0.91152 0.9172 0.5 0.5
-0.090341 -0.32997 0 1 0.91251 0.91819 0.5 0.5
-0.088611 -0.32634 0 1 0.91349 0.91918 0.5 0.5
-0.086882 -0.3227 0 1 0.91448 0.92017 0.5 0.5
-0.085152 -0.31906 0 1 0.91547 0.92116 0.5 0.5
-0.083423 -0.31543 0 1 0.91646 0.92214 0.5 0.5
-0.081693 -0.31179 0 1 0.91745 0.92313 0.5 0.5
-0.079964 -0.30816 0 1 0.91844 0.92412 0.5 0.5
-0.078235 -0.30452 0 1 0.91943 0.92511 0.5 0.5
-0.076505 -0.30089 0 1 0.92041 0.9261 0.5 0.5
-0.074776 -0.29725 0 1 0.9214 0.92709 0.5 0.5
-0.073046 -0.29361 0 1 0.92239 0.92808 0.5 0.5
-0.071384 -0.2896 0 1 0.92338 0.92907 0.5 0.5
-0.069758 -0.2854 0 1 0.92437 0.93005 0.5 0.5
-0.068131 -0.28119 0 1 0.92536 0.93104 0.5 0.5
-0.066504 -0.27699 0 1 0.92635 0.93203 0.5 0.5
-0.064878 -0.27278 0 1 0.92734 0.93302 0.5 0.5
-0.063251 -0.26858 0 1 0.92832 0.93401 0.5 0.5
-0.061624 -0.26437 0 1 0.92931 0.935 0.5 0.5
-0.059998 -0.26017 0 1 0.9303 0.93599 0.5 0.5
-0.058371 -0.25596 0 1 0.93129 0.93697 0.5 0.5
-0.056744 -0.25176 0 1 0.93228 0.93796 0.5 0.5
-0.055118 -0.24755 0 1 0.93327 0.93895 0.5 0.5
-0.053491 -0.24335 0 1 0.93426 0.93994 0.5 0.5
-0.051864 -0.23914 0 1 0.93524 0.94093 0.5 0.5
-0.050237 -0.23493 0 1 0.93623 0.94192 0.5 0.5
-0.048611 -0.23073 0 1 0.93722 0.94291 0.5 0.5
-0.047172 -0.22635 0 1 0.93821 0.94389 0.5 0.5
-0.045779 -0.22193 0 1 0.9392 0.94488 0.5 0.5
-0.044386 -0.2175 0 1 0.94019 0.94587 0.5 0.5
-0.042992 -0.21308 0 1 0.94118 0.94686 0.5 0.5
-0.041599 -0.20866 0 1 0.94216 0.94785 0.5 0.5
-0.040206 -0.20423 0 1 0.94315 0.94884 0.5 0.5
-0.038813 -0.19981 0 1 0.94414 0.94983 0.5 0.5
-0.037419 -0.19539 0 1 0.94513 0.95082 0.5 0.5
-0.036026 -0.19096 0 1 0.94612 0.9518 0.5 0.5
-0.034633 -0.18654 0 1 0.94711 0.95279 0.5 0.5
-0.03324 -0.18211 0 1 0.9481 0.95378 0.5 0.5
-0.031847 -0.17769 0 1 0.94909 0.95477 0.5 0.5
-0.030453 -0.17327 0 1 0.95007 0.95576 0.5 0.5
-0.02906 -0.16884 0 1 0.95106 0.95675 0.5 0.5
-0.027899 -0.16449 0 1 0.95205 0.95774 0.5 0.5
-0.026822 -0.16016 0 1 0.95304 0.95872 0.5 0.5
-0.025746 -0.15582 0 1 0.95403 0.95971 0.5 0.5
-0.024669 -0.15149 0 1 0.95502 0.9607 0.5 0.5
-0.023593 -0.14716 0 1 0.95601 0.96169 0.5 0.5
-0.022516 -0.14283 0 1 0.95699 0.96268 0.5 0.5
-0.021439 -0.13849 0 1 0.95798 0.96367 0.5 0.5
-0.020363 -0.13416 0 1 0.95897 0.96466 0.5 0.5
-0.019286 -0.12983 0 1 0.95996 0.96564 0.5 0.5
-0.01821 -0.1255 0 1 0.96095 0.96663 0.5 0.5
-0.017133 -0.12116 0 1 0.96194 0.96762 0.5 0.5
-0.016056 -0.11683 0 1 0.96293 0.96861 0.5 0.5
-0.01498 -0.1125 0 1 0.96391 0.9696 0.5 0.5
-0.014053 -0.1083 0 1 0.9649 0.97059 0.5 0.5
-0.013331 -0.10429 0 1 0.96589 0.97158 0.5 0.5
-0.012609 -0.10027 0 1 0.96688 0.97257 0.5 0.5
-0.011887 -0.09626 0 1 0.96787 0.97355 0.5 0.5
-0.011166 -0.092247 0 1 0.96886 0.97454 0.5 0.5
-0.010444 -0.088232 0 1 0.96985 0.97553 0.5 0.5
-0.0097221 -0.084219 0 1 0.97084 0.97652 0.5 0.5
-0.0090003 -0.080205 0 1 0.97182 0.97751 0.5 0.5
-0.0082786 -0.076191 0 1 0.97281 0.9785 0.5 0.5
-0.0075568 -0.072177 0 1 0.9738 0.97949 0.5 0.5
-0.006835 -0.068163 0 1 0.97479 0.98047 0.5 0.5
-0.0061133 -0.064149 0 1 0.97578 0.98146 0.5 0.5
-0.0053915 -0.060135 0 1 0.97677 0.98245 0.5 0.5
-0.0049774 -0.056513 0 1 0.97776 0.98344 0.5 0.5
-0.0046169 -0.052958 0 1 0.97874 0.98443 0.5 0.5
-0.0042565 -0.049404 0 1 0.97973 0.98542 0.5 0.5
-0.003896 -0.04585 0 1 0.98072 0.98641 0.5 0.5
-0.0035355 -0.042296 0 1 0.98171 0.98739 0.5 0.5
-0.003175 -0.038741 0 1 0.9827 0.98838 0.5 0.5
-0.0028145 -0.035187 0 1 0.98369 0.98937 0.5 0.5
-0.002454 -0.031633 0 1 0.98468 0.99036 0.5 0.5
-0.0020935 -0.028079 0 1 0.98566 0.99135 0.5 0.5
-0.001733 -0.024524 0 1 0.98665 0.99234 0.5 0.5
-0.0013725 -0.02097 0 1 0.98764 0.99333 0.5 0.5
nan nan nan 0 0.98863 0.99432 0.5 0.5
